"2016-06-23" "2016-09-09" "2017-06-01" "2018-05-19" "2018-05-28" "2018-06-20" "2018-07-22" "2018-07-29" "2018-09-08" "2018-09-15"
"82" 506.427133343658 502.245624903206 501.781012854266 506.427133343658 502.245624903206 0 502.245624903206 502.245624903206 502.245624903206 502.245624903206
"83" 538.629453496531 521.906915100959 497.700163717159 538.629453496531 521.906915100959 0 497.700163717159 521.906915100959 521.906915100959 497.700163717159
"84" 514.752088282627 514.752088282627 514.752088282627 514.752088282627 514.752088282627 0 514.752088282627 514.752088282627 514.752088282627 514.752088282627
"85" 536.995859530746 536.995859530746 0 536.995859530746 536.995859530746 0 518.248734856617 536.995859530746 536.995859530746 518.248734856617
"86" 568.164391964422 566.784235546695 0 568.164391964422 566.784235546695 0 533.315442416807 566.784235546695 539.296120226959 533.315442416807
"87" 569.571924411878 563.092942537601 0 569.571924411878 568.646355572696 0 519.012726571539 550.250674893945 0 519.012726571539
"88" 601.388353258774 546.664095642113 0 0 601.388353258774 0 511.60817585808 546.664095642113 546.664095642113 511.60817585808
"89" 596.450256889304 551.377860812704 489.607659971976 596.450256889304 596.450256889304 0 516.581036898645 506.305464736105 559.78514712751 489.607659971976
"90" 593.466839259879 0 503.921419325363 593.466839259879 593.466839259879 0 504.378283712784 503.921419325363 537.615167897662 482.106144826011
"91" 599.470412157495 0 501.957172461432 581.625604420907 599.470412157495 0 501.957172461432 503.33870596362 525.097858623071 0
"92" 607.856088274147 0 499.805734711321 582.446188515036 600.046623669282 0 506.799285103737 506.799285103737 0 0
"93" 600.532161036557 0 475.821378991207 577.973160573808 577.973160573808 0 478.597871355853 495.141138361869 0 478.597871355853
"94" 588.129916660176 526.092374795545 478.074616403147 581.12002492406 581.12002492406 0 478.074616403147 485.084508139263 529.597320663603 478.074616403147
"95" 602.845904673762 542.572882924571 460.666358167514 602.845904673762 602.845904673762 0 477.20962517353 477.20962517353 557.265155020823 477.20962517353
"96" 602.845904673761 517.700138824617 457.889865802868 602.845904673761 602.845904673761 0 477.20962517353 477.20962517353 560.041647385469 477.20962517353
"97" 604.660474055093 533.672325432415 463.765214606022 604.660474055093 604.660474055093 0 491.511851377322 491.511851377322 568.625880845612 463.765214606022
"98" 600.532161036556 495.141138361869 438.107357704766 600.532161036556 600.532161036556 0 479.523368810735 479.523368810735 544.886626561776 436.719111522443
"99" 601.098216371992 485.084508139263 437.066749746865 608.108108108108 608.108108108108 0 451.086533219098 458.096424955215 499.104291611496 437.066749746865
"100" 597.453555413197 470.972133247918 428.811659192825 625.200192184497 625.200192184497 0 428.811659192825 456.558295964126 470.972133247918 428.811659192825
"101" 590.246636771301 463.765214606022 393.858103779629 583.039718129404 590.246636771301 0 449.351377322229 449.351377322229 463.765214606022 421.604740550929
"102" 567.100241451827 444.076641482982 403.0687748267 547.122050003895 567.100241451827 0 417.088558298933 417.088558298933 451.086533219098 410.078666562817
"103" 533.317908375751 444.58583988894 394.377602961591 555.8769088385 533.317908375751 0 416.93660342434 394.377602961591 486.40675613142 416.93660342434
"104" 516.578402026249 439.212525903753 396.154731752245 539.488832604191 516.578402026249 0 397.075754087036 396.154731752245 483.651853557449 397.075754087036
"105" 527.19714041495 413.551946538192 390.822907762841 528.595850493434 528.595850493434 0 390.822907762841 390.822907762841 440.943352241821 390.822907762841
"106" 492.157161349273 381.710195690246 381.710195690246 504.378283712784 504.378283712784 0 381.710195690246 381.710195690246 0 381.710195690246
"107" 510.317520749258 355.326277316683 0 514.886164623467 510.317520749258 0 355.326277316683 355.326277316683 0 355.326277316683
"108" 505.489765508587 381.49949023606 0 529.840796800251 505.489765508587 0 381.49949023606 381.49949023606 439.730217237863 381.49949023606
"109" 530.952014764688 364.849277145493 0 486.427253152876 482.274684712396 0 364.849277145493 364.849277145493 414.334051061212 364.849277145493
"110" 517.513134851138 374.40036549151 0 510.317520749258 473.882585852433 0 374.40036549151 374.40036549151 418.030914490215 374.40036549151
"111" 494.616576297444 385.979860573199 0 513.555383423702 490.898528272657 0 385.979860573199 386.444616576297 428.5050348567 385.979860573199
"112" 490.433772269558 351.35553834237 0 504.260263361735 490.433772269558 0 351.35553834237 372.153369481022 420.197521301316 351.35553834237
"113" 490.118425099969 354.698554290987 0 517.225469086435 490.118425099969 0 354.698554290987 359.312519224854 411.161950169178 354.698554290987
"114" 490.953375086987 382.509858501508 0 490.953375086987 490.953375086987 0 382.509858501508 382.509858501508 423.451635351426 364.068661563442
"115" 484.922291811644 374.159127812572 0 466.481094873579 466.481094873579 0 369.055903502667 369.055903502667 461.377870563674 369.055903502667
"116" 502.987656262284 393.663023822627 0 477.631889299473 477.631889299473 0 368.307256859816 368.307256859816 445.318028146867 368.307256859816
"117" 501.971700301554 370.447691950823 0 449.31570401299 449.31570401299 0 359.429366736256 359.429366736256 425.77128276502 359.429366736256
"118" 472.239310981236 345.124577053214 0 440.633651184251 434.174100276838 0 345.124577053214 345.124577053214 389.187942171639 345.124577053214
"119" 459.435558289757 371.770224546293 0 440.172254690864 443.402030144571 0 371.770224546293 371.770224546293 414.276376499538 369.001845585973
"120" 456.421133821828 360.624758966448 0 427.38141149248 419.97686077902 0 360.624758966448 360.624758966448 406.671808715773 353.220208252989
"121" 480.173482032218 353.903345724907 0 449.566294919454 433.828996282527 0 353.903345724907 353.903345724907 392.317224287484 338.16604708798
"122" 454.569996143463 360.624758966448 0 426.918627072889 454.569996143463 0 360.624758966448 360.624758966448 399.730042421905 360.624758966448
"123" 454.90549760803 351.501842992706 0 414.202807622931 453.964394949416 0 351.501842992706 351.501842992706 396.910046270881 351.501842992706
"124" 426.918627072889 360.624758966448 0 426.918627072889 426.918627072889 0 360.624758966448 360.624758966448 426.918627072889 360.624758966448
"125" 409.835435250692 0 0 436.942479237157 436.942479237157 0 375 375 409.835435250692 347.892956013534
"126" 415.956622773044 0 0 419.674670797831 419.674670797831 0 354.492641363284 354.492641363284 415.956622773044 350.774593338497
"127" 466.70800713123 403.805906518874 0 466.70800713123 466.70800713123 0 379.27292457949 379.27292457949 466.70800713123 355.670103092783
"128" 472.889233152595 385.050348567002 0 472.889233152595 446.97908597986 0 381.797056545314 381.797056545314 446.97908597986 354.492641363284
"129" 457.58997231621 387.342356198093 0 457.58997231621 455.282989849277 0 360.696708705014 360.696708705014 455.282989849277 345.124577053214
"130" 456.78770292526 386.557917026115 0 456.78770292526 456.78770292526 0 385.146263038193 385.146263038193 456.78770292526 385.146263038193
"131" 475.930482928329 0 0 474.546293448169 475.930482928329 0 406.144263303599 406.144263303599 469.470932020916 379.49861581052
"132" 538.663634224766 0 389.38122500196 502.195906203435 529.840796800251 0 418.437769586699 418.437769586699 0 389.38122500196
"133" 522.732544653212 0 0 510.322430990489 521.340756205056 0 0 411.041521688703 459.058223150081 405.938297378798
"134" 540.36186499652 442.936673625609 431.918348411041 516.81744374855 521.920668058455 0 0 442.936673625609 511.714219438645 431.918348411041
"135" 548.712595685455 448.039897935514 442.936673625609 0 548.712595685455 0 0 448.039897935514 521.920668058455 437.833449315704
"136" 537.716499544211 446.558796718323 444.735642661805 0 560.391978122151 0 0 446.558796718323 513.217866909754 422.515952597994
"137" 581.061192873741 447.908597986057 424.786986831913 0 585.708752904725 0 0 447.908597986057 539.465530596437 424.786986831913
"138" 595.569473440037 468.800742287172 468.800742287172 0 595.569473440037 0 0 468.800742287172 543.95731848759 463.697517977267
"139" 622.361401067037 473.903966597077 0 0 622.361401067037 0 0 473.903966597077 0 442.008814660171
"140" 617.838088610531 0 0 0 598.00510322431 0 0 468.684759916492 0 439.22523776386
"141" 605.8186633432 449.602741860102 0 0 591.914628446798 0 0 432.894531858545 511.236173858856 423.196759619878
"142" 625.144977963349 0 0 0 549.060542797494 0 0 423.567617722106 0 420.784040825794
"143" 664.347019253073 468.684759916492 0 0 668.87033170958 0 0 468.684759916492 521.804685687775 428.206912549292
"144" 653.328694038506 438.297378798422 0 0 677.800974251913 0 0 473.787984226397 527.951751333797 413.825098585015
"145" 629.784272790536 463.697517977267 0 0 611.34307585247 0 0 442.008814660171 512.990025516121 425.887265135699
"146" 653.119963159106 463.043978816486 0 0 650.356896154732 0 0 461.662445314299 547.778033617315 393.39166474787
"147" 547.668754349339 501.971700301554 0 547.668754349339 549.060542797494 0 0 479.819067501739 523.196474135931 413.361169102296
"148" 547.668754349339 501.971700301554 0 547.668754349339 549.060542797494 0 0 479.819067501739 523.196474135931 413.361169102296
"149" 530.15541637671 0 0 511.714219438645 548.596613314776 0 0 515.425655300394 487.241939225237 418.464393412201
"150" 521.804685687775 0 424.495476687543 0 521.804685687775 0 0 530.15541637671 501.971700301554 423.103688239387
"151" 530.15541637671 487.241939225237 441.544885177453 0 530.15541637671 0 487.241939225237 487.241939225237 487.241939225237 441.544885177453
"152" 496.431038452682 482.730831222657 437.37048123417 0 496.431038452682 0 482.730831222657 489.638498733594 482.730831222657 437.37048123417
"153" 542.572882924571 475.358630263766 412.30911614993 0 527.302174919018 0 452.799629801017 479.523368810735 475.358630263766 412.30911614993
"154" 540.879244074311 505.925688661115 421.604740550929 0 520.339525944907 0 470.972133247918 498.718770019219 505.925688661115 428.811659192825
"155" 518.162887552058 493.290143452105 433.479870430356 0 518.162887552058 0 477.672373900971 491.901897269782 493.290143452105 433.479870430356
"156" 568.625880845612 505.925688661115 436.018577834721 0 568.625880845612 0 463.765214606022 443.225496476618 505.925688661115 428.811659192825
"157" 601.312456827078 453.83375546857 437.37048123417 0 601.312456827078 0 451.070688464195 437.37048123417 544.093944278149 437.37048123417
"158" 640.230884794813 490.669724045228 449.157903060014 0 635.486676682217 0 465.169605440025 465.169605440025 548.667668221712 449.157903060014
"159" 609.124680752264 489.5518922684 465.985604829347 609.124680752264 607.731599721384 0 465.985604829347 471.093568609241 527.861620617599 465.985604829347
"160" 608.089527156061 478.61125964403 451.684363303032 608.089527156061 583.912611717974 0 451.684363303032 478.61125964403 521.637002520815 451.684363303032
"161" 611.211644374508 492.014162077104 486.349331235248 611.211644374508 597.639653815893 0 486.349331235248 492.014162077104 543.410700236034 476.081825334382
"162" 569.421871372184 482.122126770374 482.122126770374 569.421871372184 569.421871372184 0 482.122126770374 482.122126770374 538.541908521012 465.985604829347
"163" 549.570466682145 508.938936614813 482.122126770374 550.963547713025 549.570466682145 0 482.122126770374 482.122126770374 508.938936614813 465.985604829347
"164" 538.330361987443 500.89140376715 482.404464770173 564.723664832183 538.330361987443 0 482.404464770173 482.404464770173 501.589024106658 461.592124641501
"165" 525.075458555839 482.122126770374 477.01416299048 543.533782214999 514.046900394706 0 477.01416299048 477.01416299048 495.530531692594 465.985604829347
"166" 503.037526914795 495.655183020609 469.932328514303 509.035681328822 503.037526914795 503.037526914795 469.932328514303 495.655183020609 495.655183020609 469.932328514303
"167" 495.655183020609 469.932328514303 469.00953552753 507.074746231928 469.932328514303 469.932328514303 469.932328514303 469.932328514303 469.932328514303 469.932328514303
"168" 486.785350168614 483.491490863461 455.846600266646 503.607560191357 483.491490863461 483.491490863461 483.491490863461 483.491490863461 483.491490863461 483.491490863461
"169" 458.295350957156 458.295350957156 442.000911577028 485.072926162261 458.295350957156 451.458523245214 451.458523245214 458.295350957156 451.458523245214 451.458523245214
"170" 488.667555485844 483.491490863461 455.846600266646 500.313700886205 488.667555485844 455.846600266646 455.846600266646 483.491490863461 455.846600266646 455.846600266646
"171" 483.956806787505 463.709988430389 463.709988430389 484.882375626687 483.956806787505 463.709988430389 463.709988430389 463.709988430389 463.709988430389 463.709988430389
"172" 484.882375626687 483.956806787505 463.709988430389 484.882375626687 484.882375626687 483.956806787505 473.833397608947 483.956806787505 483.956806787505 483.956806787505
"173" 472.700707474623 472.700707474623 472.700707474623 472.700707474623 472.700707474623 472.700707474623 472.700707474623 472.700707474623 472.700707474623 472.700707474623
"174" 472.700707474623 0 446.977852968317 446.977852968317 446.977852968317 446.977852968317 446.977852968317 446.977852968317 446.977852968317 446.977852968317
"175" 469.09475001956 0 445.739769971051 445.739769971051 445.739769971051 445.739769971051 445.739769971051 445.739769971051 445.739769971051 445.739769971051
"176" 456.506875332371 0 438.387905492669 438.387905492669 438.387905492669 438.387905492669 438.387905492669 438.387905492669 438.387905492669 438.387905492669
"177" 440.645956987589 440.183457951129 440.183457951129 440.183457951129 440.645956987589 440.183457951129 440.183457951129 440.183457951129 440.183457951129 440.183457951129
"178" 453.373244301174 443.817637577711 438.752014736357 443.817637577711 453.373244301174 443.817637577711 443.817637577711 438.752014736357 443.817637577711 443.817637577711
"179" 463.672391017173 463.672391017173 437.679695392027 463.672391017173 463.672391017173 463.672391017173 463.672391017173 437.679695392027 463.672391017173 463.672391017173
"180" 461.662445314299 461.662445314299 461.662445314299 461.662445314299 461.662445314299 461.662445314299 461.662445314299 461.662445314299 461.662445314299 461.662445314299
"181" 465.376226826608 465.376226826608 465.376226826608 465.376226826608 465.376226826608 465.376226826608 465.376226826608 465.376226826608 465.376226826608 465.376226826608
"182" 463.672391017173 463.672391017173 455.862926412308 463.672391017173 455.862926412308 455.862926412308 463.672391017173 463.672391017173 463.672391017173 463.672391017173
"183" 464.425512318674 461.662445314299 437.37048123417 461.662445314299 437.37048123417 437.37048123417 461.662445314299 461.662445314299 461.662445314299 461.662445314299
"184" 488.627512073531 465.843589344134 441.190216544633 465.843589344134 441.657579062159 441.190216544633 441.190216544633 465.376226826608 465.609908085371 465.843589344134
"185" 479.967764218282 479.967764218282 435.067925397191 479.967764218282 478.586230716095 0 451.991710798987 453.373244301174 466.670504259728 479.967764218282
"186" 478.125719548699 478.125719548699 440.133548238545 478.125719548699 478.125719548699 0 464.425512318674 464.425512318674 471.275615933686 478.125719548699
"187" 478.125719548699 478.125719548699 453.83375546857 478.125719548699 478.125719548699 0 453.83375546857 478.125719548699 478.125719548699 453.83375546857
"188" 485.837009519387 485.837009519387 485.837009519387 485.837009519387 485.837009519387 0 485.837009519387 485.837009519387 485.837009519387 485.837009519387
"189" 485.837009519387 485.837009519387 485.837009519387 485.837009519387 485.837009519387 0 485.837009519387 485.837009519387 485.837009519387 485.837009519387
"190" 485.837009519387 485.837009519387 485.837009519387 490.94497329928 485.837009519387 0 485.837009519387 485.837009519387 485.837009519387 485.837009519387
"191" 488.627512073531 488.627512073531 488.627512073531 491.431687178688 488.627512073531 0 488.627512073531 488.627512073531 488.627512073531 488.627512073531
"192" 482.730831222657 480.428275385678 479.967764218282 504.720239465807 479.967764218282 0 480.428275385678 480.428275385678 482.730831222657 479.967764218282
"193" 501.957172461432 495.049504950495 478.125719548699 520.262491365416 478.125719548699 0 495.049504950495 495.049504950495 501.957172461432 478.125719548699
"194" 519.631808112443 512.756855855167 477.69459934306 519.631808112443 485.82995951417 0 0 512.756855855167 519.631808112443 512.756855855167
"195" 521.824936150452 520.431855119572 490.94497329928 521.824936150452 509.40329695844 509.40329695844 0 520.431855119572 521.824936150452 520.431855119572
"196" 521.824936150452 521.824936150452 520.431855119572 521.824936150452 521.824936150452 0 0 503.366612491293 521.824936150452 521.824936150452
"197" 521.824936150452 521.824936150452 521.824936150452 521.824936150452 521.824936150452 0 0 520.431855119572 521.824936150452 521.824936150452
"198" 522.67547857794 522.67547857794 522.67547857794 548.541476754786 522.67547857794 0 0 521.763901549681 522.67547857794 522.67547857794
"199" 521.824936150452 521.824936150452 521.824936150452 548.641745994892 521.824936150452 0 0 521.824936150452 521.824936150452 521.824936150452
"200" 521.824936150452 521.824936150452 521.824936150452 548.641745994892 521.824936150452 0 0 521.824936150452 521.824936150452 521.824936150452
"201" 556.213472777606 556.213472777606 548.83112888342 556.213472777606 556.213472777606 0 0 556.213472777606 556.213472777606 556.213472777606
"202" 563.01466551643 563.01466551643 563.01466551643 0 563.01466551643 0 0 563.01466551643 563.01466551643 563.01466551643
"203" 548.085688240656 548.085688240656 548.085688240656 0 567.11485870556 0 0 549.908842297174 567.11485870556 548.085688240656
"204" 563.01466551643 545.251352835071 543.369147517841 0 586.424594149478 0 0 570.54348678535 568.66128146812 543.369147517841
"205" 601.851137678365 568.762051677594 554.068646355573 0 614.693405322021 0 0 568.762051677594 581.60431932125 559.622059390667
"206" 641.17739280395 570.039978051266 548.052049854981 0 642.118052833738 0 0 570.039978051266 570.980638081053 549.933369914556
"207" 617.470111839568 552.680293096799 552.680293096799 0 617.470111839568 0 0 552.680293096799 552.680293096799 503.393752410336
"208" 668.539767368751 592.266582835586 537.331027978623 0 659.226658283558 0 0 574.819239232945 592.266582835586 537.331027978623
"209" 666.137525166486 536.743069536936 528.844664704971 0 652.779928759486 0 0 549.636053894997 529.30927675391 536.278457487997
"210" 654.703832752613 513.704994192799 510.917537746806 0 629.268292682926 562.717770034843 0 536.353077816492 513.704994192799 513.704994192799
"211" 671.312427409988 555.74912891986 500.813008130081 0 671.312427409988 577.003484320557 0 539.140534262485 530.313588850174 526.248548199767
"212" 674.564459930313 557.142857142857 514.169570267131 0 674.564459930313 565.505226480836 0 557.142857142857 557.607433217189 498.025551684088
"213" 641.571824054137 533.258997231621 494.732390033835 0 652.991387265456 556.213472777607 0 521.839434020301 524.031067363888 506.613349738542
"214" 662.300996000313 519.018116226178 479.727080229001 0 673.947141400674 563.955768175045 0 507.371970825817 536.781428907536 473.609912948004
"215" 649.756210819596 503.83097283492 487.694450893893 0 649.756210819596 0 0 503.83097283492 503.83097283492 474.228000928721
"216" 656.721615973996 510.332017645693 478.871604364987 0 656.721615973996 0 0 510.332017645693 515.439981425586 467.843046203854
"217" 664.387287279509 513.210039630119 476.610459243142 0 664.387287279509 0 0 513.210039630119 536.871551791126 476.610459243142
"218" 667.280681556528 499.194105457057 471.678563205158 653.580474326502 667.280681556528 0 0 499.194105457057 516.117890858853 467.533962698595
"219" 662.486368593238 497.974762424053 493.768499766318 674.520953419535 674.520953419535 0 0 497.974762424053 512.346159837981 468.647764449291
"220" 649.756210819596 487.694450893893 463.199442767587 676.573020664035 649.756210819596 0 0 514.511260738333 503.83097283492 463.199442767587
"221" 695.031344323194 538.077548177385 486.76573020664 695.031344323194 668.214534478755 0 0 538.077548177385 574.994195495704 508.474576271186
"222" 688.994659856048 544.462502902252 513.582540051079 688.994659856048 677.966101694915 0 0 549.570466682145 580.914789876944 498.723009055026
"223" 674.188349067465 549.159567119502 525.328114206769 674.188349067465 667.280681556528 0 0 556.527745797835 594.51991710799 484.112364724844
"224" 663.596592217361 551.346995164633 515.196868524061 663.596592217361 663.596592217361 0 512.433801519687 565.622841353903 614.667280681556 479.507253050886
"225" 664.978125719549 635.735666589915 570.112825236012 664.978125719549 664.978125719549 664.978125719549 552.72852866682 606.378079668432 676.836288279991 501.957172461432
"226" 701.043776289141 661.08428104066 635.02882068858 701.043776289141 701.043776289141 701.043776289141 612.244897959183 641.104533416419 701.043776289141 553.240380121514
"227" 695.508586525759 695.508586525759 679.773098142824 695.508586525759 695.508586525759 695.508586525759 618.579532209185 679.773098142824 695.508586525759 558.668117180822
"228" 682.36242228874 682.36242228874 682.36242228874 682.36242228874 682.36242228874 682.36242228874 641.607183974211 682.36242228874 682.36242228874 591.18121114437
"229" 703.430808197099 703.430808197099 703.430808197099 703.430808197099 703.430808197099 703.430808197099 703.430808197099 703.430808197099 703.430808197099 0
"230" 710.550670985654 710.550670985654 710.550670985654 710.550670985654 710.550670985654 710.550670985654 710.550670985654 710.550670985654 710.550670985654 0
"231" 710.550670985654 710.550670985654 710.550670985654 710.550670985654 710.550670985654 710.550670985654 710.550670985654 710.550670985654 710.550670985654 710.550670985654
"232" 685.6779268857 710.550670985654 685.6779268857 710.550670985654 685.6779268857 710.550670985654 710.550670985654 710.550670985654 698.114298935677 710.550670985654
"233" 685.6779268857 710.550670985654 685.6779268857 710.550670985654 685.6779268857 710.550670985654 710.550670985654 710.550670985654 698.114298935677 713.3271633503
"234" 688.981422165279 716.728058936579 688.981422165279 688.981422165279 688.981422165279 688.981422165279 688.981422165279 716.728058936579 688.981422165279 716.728058936579
"235" 716.728058936579 716.728058936579 688.981422165279 688.981422165279 709.521140294683 716.728058936579 716.728058936579 716.728058936579 716.728058936579 716.728058936579
"236" 697.839769989898 719.170098686766 673.245784443235 673.245784443235 697.37353329707 697.839769989898 697.839769989898 719.170098686766 697.839769989898 697.839769989898
"237" 695.602847977466 705.81331664189 668.492293247789 668.492293247789 695.602847977466 695.602847977466 705.81331664189 705.81331664189 700.708082309678 705.81331664189
"238" 659.1202613386 685.89987085011 653.194560510522 653.194560510522 659.1202613386 659.1202613386 685.89987085011 685.89987085011 672.510066094355 685.89987085011
"239" 675.711092268558 675.711092268558 675.711092268558 675.711092268558 675.711092268558 675.711092268558 675.711092268558 700.570415478301 675.711092268558 675.711092268558
"240" 689.251087869303 689.251087869303 664.172837621192 664.172837621192 664.172837621192 689.251087869303 689.251087869303 689.251087869303 689.251087869303 689.251087869303
"241" 693.960511033682 713.35656213705 693.960511033682 708.710801393728 693.960511033682 708.710801393728 713.35656213705 713.35656213705 693.960511033682 0
"242" 677.193920415489 696.784541357977 677.193920415489 678.1104406935 677.193920415489 678.1104406935 696.784541357977 696.784541357977 677.193920415489 0
"243" 713.255467586423 713.255467586423 713.255467586423 713.255467586423 713.255467586423 713.255467586423 713.255467586423 713.255467586423 713.255467586423 713.255467586423
"244" 698.474160404845 698.474160404845 692.493482594694 692.493482594694 692.493482594694 692.493482594694 698.474160404845 698.474160404845 698.474160404845 0
"245" 721.361754332157 702.614629658027 677.426775034503 677.426775034503 677.426775034503 677.426775034503 702.614629658027 702.614629658027 702.614629658027 0
"246" 645.798190461585 624.750805091243 624.750805091243 624.750805091243 643.497929765373 643.497929765373 0 624.750805091243 643.497929765373 643.497929765373
"247" 624.874662553027 624.874662553027 624.874662553027 624.874662553027 624.874662553027 624.874662553027 0 624.874662553027 624.874662553027 624.874662553027
"248" 622.347839553972 622.347839553972 607.596407000155 622.347839553972 607.596407000155 607.596407000155 0 622.347839553972 622.347839553972 595.051881678798
"249" 578.289319934564 0 550.362234166861 578.289319934564 551.297032016826 551.297032016826 0 577.354522084599 0 0
"250" 559.506363285769 0 526.417277284998 559.506363285769 550.366370998843 550.366370998843 0 535.557269571925 0 0
"251" 537.061318935596 537.061318935596 482.221365214038 531.507905900502 537.061318935596 531.507905900502 0 506.170458927883 537.061318935596 511.723871962977
"252" 527.342846124181 0 492.286926340147 500.617045892788 527.342846124181 500.617045892788 0 493.212495179329 0 0
"253" 527.805630543772 0 473.081372927111 527.805630543772 527.805630543772 493.328191284227 0 502.468183571153 0 0
"254" 538.334358658874 0 441.902491541064 520.916641033528 538.334358658874 469.00953552753 0 495.193786527222 0 0
"255" 499.843149556897 0 488.07936632421 512.430397615873 499.843149556897 489.491020312132 0 491.373225629362 0 0
"256" 515.771786450775 0 460.093179561598 523.447643779118 515.771786450775 486.099442450164 0 481.975101199114 481.975101199114 459.176659283587
"257" 524.194180848561 496.549290251745 469.845502313544 526.076386165791 524.194180848561 496.549290251745 0 496.549290251745 496.549290251745 466.551643008391
"258" 525.954492865407 0 469.263401465484 550.366370998843 525.954492865407 476.667952178943 0 468.337832626302 0 469.263401465484
"259" 532.797600738234 0 483.658874192556 0 506.613349738542 485.043063672716 0 479.506305752076 0 483.658874192556
"260" 536.3073110285 0 485.006195786864 0 507.682775712515 502.726146220569 0 485.006195786864 485.006195786864 0
"261" 528.645032297754 0 464.395570593663 0 502.460781298062 482.274684712396 0 450.66902491541 0 464.395570593663
"262" 535.210181257231 459.892016968762 453.875819514076 0 535.210181257231 505.939066718087 0 465.79251831855 481.989973004242 0
"263" 565.059776320864 489.278827612804 413.266486694948 0 565.059776320864 498.881604319321 0 482.799845738527 489.741612032395 463.941380640185
"264" 630.890860007713 465.79251831855 465.79251831855 0 619.436945622831 511.839568067875 0 465.79251831855 500.385653682993 465.329733898959
"265" 610.644041650598 482.799845738527 482.799845738527 0 590.397223293483 492.402622445044 0 482.799845738527 471.693019668338 457.462398765908
"266" 544.060709307728 0 474.368901966857 0 569.033606938206 500.154870682979 0 491.90800681431 491.90800681431 461.940529657736
"267" 539.945008783319 0 459.749484457343 0 550.828687084702 497.555945925303 0 484.839227067899 484.839227067899 454.250362789277
"268" 544.989933405606 491.90800681431 470.187393526405 0 544.060709307728 514.441691187858 0 491.90800681431 500.154870682979 0
"269" 541.110682607019 463.015811801003 451.56189741612 0 541.110682607019 494.253760123409 0 463.015811801003 485.113767836483 0
"270" 581.850943106885 514.223278638245 459.707100138015 0 582.77104738537 517.903695752185 0 487.195215457751 514.223278638245 458.78699585953
"271" 557.583192761846 495.361140929305 492.60082809385 0 582.195982211317 541.596380923171 0 494.44103665082 495.361140929305 492.60082809385
"272" 558.399310182645 513.953123775182 483.969585325703 0 587.442188602336 0 0 487.732225444853 513.953123775182 487.732225444853
"273" 565.749118233399 495.361140929305 470.173286305781 0 646.258242600828 0 0 494.44103665082 514.568317742677 472.473547001993
"274" 585.501858736059 485.997521685254 485.997521685254 0 668.401486988847 0 0 485.997521685254 505.700123915737 457.372986369268
"275" 626.413194982189 492.372618863249 479.944246554127 0 658.70373238346 0 0 492.372618863249 500.619482731918 472.97506582004
"276" 655.56760105312 491.094935728666 472.161994734397 0 643.023075731764 0 0 491.094935728666 491.094935728666 444.866036859222
"277" 635.865792518319 491.939838025453 460.701889703047 0 624.411878133436 0 0 491.939838025453 491.939838025453 451.099112996529
"278" 642.154995046863 497.561533186009 458.46986207422 0 632.210622571058 0 0 497.561533186009 478.472910157738 432.065838603977
"279" 635.865792518319 469.841881989973 459.313536444273 0 624.411878133436 0 0 469.379097570382 491.014269186271 443.116081758581
"280" 624.411878133436 484.998071731585 444.620131122252 0 617.470111839568 0 0 462.900115696105 495.989201696876 453.760123409179
"281" 612.464675780951 482.089666233865 447.032765599939 0 611.54815550294 0 0 469.372947376461 502.138547315359 447.491025738944
"282" 622.764227642276 491.98606271777 489.663182346109 622.764227642276 622.764227642276 622.764227642276 0 490.127758420441 0 447.154471544715
"283" 628.271643177946 510.84094780858 477.621186309431 628.271643177946 627.342419080068 0 0 502.59408393991 522.165866501471 465.19281400031
"284" 645.880692952888 508.897076115074 501.371795876773 645.880692952888 637.06200517363 0 0 508.897076115074 533.648193148859 475.150897546445
"285" 627.051065787456 515.488422021162 476.614016255175 627.051065787456 613.364514644993 0 0 476.614016255175 527.794816745897 458.326943720288
"286" 651.544179630622 572.112805578971 507.050348685723 651.544179630622 632.347306306996 0 0 537.282550387002 601.310445244846 481.416200475132
"287" 646.448896858189 611.24970764793 557.223045139159 646.448896858189 637.210571450846 0 0 565.642784750916 637.210571450846 512.551648865674
"288" 627.289447467238 0 585.217258027435 627.289447467238 627.289447467238 0 0 623.611004674687 627.289447467238 488.313280711165
"289" 658.026038824354 0 634.871754892024 664.574725189054 658.026038824354 0 0 658.026038824354 658.026038824354 590.200358618539
"290" 624.875469384627 0 575.561345696988 643.152732010115 624.875469384627 0 0 613.035481646103 624.875469384627 606.598206759138
"291" 643.152732010115 0 553.605640278948 643.152732010115 643.152732010115 0 0 608.437428155414 634.876235726875 587.401333435512
"292" 611.313303391668 0 555.792163543441 624.670899798668 611.313303391668 0 0 583.088121418615 612.242527489546 607.596407000155
"293" 626.064735945485 0 549.752206907232 626.064735945485 626.064735945485 0 0 624.670899798668 0 569.149759950441
"294" 602.522791574976 0 556.075133605784 602.522791574976 602.522791574976 0 0 602.522791574976 0 565.859792518076
"295" 556.364472373361 556.364472373361 493.256188213656 556.364472373361 556.364472373361 0 0 536.247988351597 556.364472373361 487.853475362096
"296" 571.154730869498 0 497.546388590707 594.04232479681 571.154730869498 0 0 579.895721515105 594.04232479681 503.067014261616
"297" 561.691620286901 561.691620286901 533.706984400721 561.691620286901 561.691620286901 0 0 541.702594653915 561.691620286901 490.67178803794
"298" 505.211127289447 0 481.416200475132 532.684496896313 505.211127289447 0 0 508.889570081998 505.211127289447 0
"299" 534.523718292589 0 503.371905893171 511.648402176411 508.889570081998 0 0 506.130737987585 508.889570081998 0
"300" 530.076054390412 0 471.076284858262 529.615118690942 530.076054390412 0 0 514.058538833832 514.058538833832 471.076284858262
"301" 530.076054390412 500.806637474072 448.605669509103 530.076054390412 530.076054390412 0 0 248.039703804831 509.910117538603 471.537220557732
"302" 498.749413787713 481.514772549632 451.26621853994 498.749413787713 498.749413787713 0 0 366.687511962062 515.046115366578 455.486947006409
"303" 511.648402176411 481.416200475132 451.183998773852 511.648402176411 511.648402176411 0 0 441.319771588202 481.416200475132 451.183998773852
"304" 530.076054390412 0 442.152569716524 529.615118690942 512.675731735423 0 0 540.846969977641 512.675731735423 442.152569716524
"305" 507.144503341784 0 448.144733809633 507.144503341784 507.144503341784 0 0 557.707506394517 507.144503341784 448.144733809633
"306" 511.294356729717 481.514772549632 451.26621853994 511.294356729717 511.294356729717 0 0 542.579749586175 498.280443958105 451.26621853994
"307" 485.134823692095 471.882922332334 442.152569716524 485.134823692095 501.152339248675 0 0 503.624149364889 471.882922332334 442.152569716524
"308" 516.824153030652 471.882922332334 0 487.900437888914 462.203272643466 0 0 454.979214369919 471.882922332334 442.152569716524
"309" 506.015786650318 454.747490229136 0 479.462027741589 484.979691930416 0 0 424.630239865123 454.747490229136 420.951797072572
"310" 486.818913326691 481.301249137865 0 486.818913326691 506.015786650318 0 0 451.183998773852 481.301249137865 424.630239865123
"311" 498.15625720212 471.537220557732 0 498.15625720212 474.302834754552 0 0 442.152569716524 471.537220557732 442.152569716524
"312" 500.92187139894 471.537220557732 0 500.92187139894 498.15625720212 0 0 442.152569716524 0 442.152569716524
"313" 454.129489819263 451.384122626401 0 454.129489819263 478.723404255319 0 0 420.841912605811 451.384122626401 420.841912605811
"314" 491.017265515632 0 0 491.017265515632 464.535697620158 0 0 429.654689687354 0 429.654689687354
"315" 508.166122258516 0 0 508.166122258516 508.166122258516 0 0 446.803546430238 0 429.654689687354
"316" 511.188596827343 0 0 511.188596827343 511.188596827343 0 0 451.183998773852 0 431.987125450226
"317" 475.224706153491 497.23438580318 0 501.38280709841 497.23438580318 0 0 442.152569716524 497.23438580318 442.152569716524
"318" 478.912191749251 240.277835084742 0 470.615349158792 448.605669509103 0 0 415.533533072136 445.379119612814 442.152569716524
"319" 480.956395126063 480.036784427925 0 480.956395126063 480.036784427925 0 0 421.066748409839 469.116407387539 421.066748409839
"320" 492.796382864587 242.382490743076 0 456.24185761361 457.161468311748 0 0 408.19219863591 461.759521802437 408.19219863591
"321" 478.989631246589 301.679501283461 0 460.39603960396 460.39603960396 0 0 429.640601855461 461.331566227489 429.640601855461
"322" 500.46093569947 434.201806050977 0 501.843742797879 498.61719290159 0 0 412.767918875317 469.232542060383 412.767918875317
"323" 501.38280709841 480.433229887706 0 526.619036644388 500.46093569947 0 0 415.994468771606 471.537220557732 415.994468771606
"324" 533.922151008285 710.026585643753 0 507.77708300766 507.77708300766 0 0 449.39033922151 505.432233859621 451.26621853994
"325" 500 590.382738877883 0 494.007835906891 494.007835906891 0 0 465.084120765153 496.77345010371 415.533533072136
"326" 512.551648865674 498.623035801069 0 506.002962500974 484.60279098776 0 0 429.640601855461 481.796211117174 429.640601855461
"327" 502.452295195034 471.194788070676 0 483.255421871407 476.818146984443 0 0 452.10360947199 0 397.271821595524
"328" 504.72877911521 526.172903804552 0 504.72877911521 500.508050648741 0 0 473.894012818508 504.72877911521 425.121150539315
"329" 477.937163795119 499.337335308334 0 477.937163795119 477.937163795119 0 0 454.665939034848 499.337335308334 429.640601855461
"330" 476.650814687768 479.340453730412 0 476.650814687768 470.102128323068 0 0 446.947844390738 479.340453730412 408.240430342247
"331" 491.302015480113 472.105142156487 0 474.8639742509 455.667100927274 0 0 462.104375814238 472.105142156487 401.754923748946
"332" 479.576979078856 460.322630086597 0 438.42440033719 438.42440033719 0 0 479.576979078856 0 404.513755843359
"333" 467.061666796601 0 0 458.641927184844 465.190613549544 0 0 475.364465580416 0 399.002104934903
"334" 464.968886840286 0 0 459.437658446647 459.437658446647 0 0 464.968886840286 477.298916801106 412.767918875317
"335" 483.255421871407 479.576979078856 0 449.459728714844 445.781285922293 0 0 441.183232431604 459.460495057092 404.513755843359
"336" 480.496589776994 453.942830868265 0 471.415434132883 435.780519580044 0 0 453.942830868265 444.861675224155 394.512989501111
"337" 493.241119144923 481.923923294561 0 486.167871738447 455.7529078906 0 0 446.321911348632 459.407419050613 396.101854762653
"338" 453.985367731998 0 0 442.549095109742 439.776665383134 0 0 453.985367731998 453.985367731998 393.338467462456
"339" 443.58835372464 457.875174229518 0 442.659129626761 442.659129626761 0 0 443.58835372464 462.695524237261 393.642558463683
"340" 469.374322440762 0 0 441.613752516648 441.613752516648 0 0 469.374322440762 483.66114294564 380.633421093387
"341" 466.952921331084 0 0 440.384910289832 440.384910289832 0 0 466.952921331084 474.773807698205 391.04431835608
"342" 427.158411286612 0 0 427.158411286612 427.158411286612 0 0 417.152277258089 0 0
"343" 424.745191202391 458.540884358954 0 451.298950111119 424.745191202391 0 0 453.942830868265 458.540884358954 404.513755843359
"344" 477.620130124637 0 0 501.95970839539 477.620130124637 0 0 450.517363016383 0 0
"345" 495.210360947199 458.540884358954 0 489.692696758372 468.65660203847 0 0 451.701279791554 463.138937849643 404.513755843359
"346" 479.566174159069 480.980823640364 0 479.566174159069 452.805721471235 0 0 460.350518704809 480.980823640364 417.203709525306
"347" 496.015020308069 462.219327151505 0 465.897769944057 468.541650701203 0 0 454.97739290367 456.701662962679 404.513755843359
"348" 470.652005575344 469.838934489701 0 447.072944091683 470.652005575344 0 0 455.552113984822 447.072944091683 407.464766919622
"349" 511.985224772084 481.923923294561 0 457.992769569317 487.110971392643 0 0 476.383212826155 431.232316881483 396.101854762653
"350" 508.16942852718 464.902431469723 0 475.298126064736 470.30354653864 0 0 470.652005575344 446.608332042744 407.464766919622
"351" 524.314697227815 443.181818181818 0 510.027876722936 478.666563419544 0 0 432.786123586805 439.290692271953 407.929378968561
"352" 520.433982518018 439.119766906916 376.437662935132 503.527066400858 472.358533967183 0 0 422.212850789756 439.119766906916 393.344579052292
"353" 554.065445628017 467.162234653996 0 521.189363169591 540.386236493217 0 0 455.322246915472 485.956778297187 404.513755843359
"354" 548.842202116239 463.732556356387 393.344579052292 546.541941420027 548.842202116239 0 0 439.982364667995 498.754025456218 407.491182333998
"355" 567.284849413748 510.039083454671 423.710629166986 543.6048739367 543.6048739367 0 0 483.60027588321 503.256954555904 0
"356" 597.319118915105 523.242141569334 417.182723210786 594.497138825742 594.497138825742 0 0 530.767421807635 554.1663400486 416.712393195892
"357" 570.50348685723 502.797149206835 480.381638439727 566.825044064679 565.905433366541 0 0 502.797149206835 507.395202697524 0
"358" 576.635222577376 522.140796756841 491.034536524518 531.028299680361 531.028299680361 0 0 511.440711000234 546.347548140641 0
"359" 531.028299680361 0 477.586341311296 521.789974273017 521.789974273017 0 0 524.538083729633 529.157246433305 0
"360" 544.176862319963 0 500.387176707449 533.606938206597 533.606938206597 0 0 525.360074337928 535.929998451293 0
"361" 533.606938206597 0 469.838934489701 506.310980331423 506.310980331423 0 0 506.310980331423 531.283877961902 0
"362" 481.101259916006 480.167988800747 460.685954269715 460.685954269715 460.685954269715 0 0 460.685954269715 480.167988800747 0
"363" 457.621273660816 457.621273660816 451.183998773852 451.183998773852 451.183998773852 0 0 451.183998773852 457.621273660816 0
"364" 444.918183913344 444.918183913344 442.152569716524 442.152569716524 442.152569716524 0 0 442.152569716524 444.918183913344 0
"365" 438.995868090746 438.995868090746 429.757542683402 438.995868090746 429.757542683402 0 0 434.376705387074 438.995868090746 0
"366" 429.757542683402 429.757542683402 429.757542683402 429.757542683402 429.757542683402 0 0 429.757542683402 429.757542683402 0
"367" 420.951797072572 420.951797072572 404.513755843359 404.513755843359 404.513755843359 0 0 404.513755843359 420.951797072572 0
"368" 451.26621853994 420.900422072846 398.507112709082 399.445052368297 399.445052368297 0 0 399.445052368297 420.900422072846 0
"369" 0 393.062917722977 386.609817930399 412.767918875317 412.767918875317 0 0 412.767918875317 393.062917722977 0
"370" 0 371.637673384933 371.637673384933 390.83454670856 390.83454670856 0 0 390.83454670856 371.637673384933 0
"371" 0 385.086146409916 385.086146409916 385.086146409916 385.086146409916 0 0 385.086146409916 385.086146409916 0
"372" 0 373.217297960435 346.189234779942 373.217297960435 346.189234779942 0 0 346.189234779942 346.189234779942 0
"373" 0 351.636140700437 330.600045980535 381.753391064449 360.717296344547 0 0 341.520423020921 341.520423020921 0
"374" 0 324.221745131115 324.221745131115 355.27526452998 355.27526452998 0 0 338.828400552062 338.828400552062 0
"375" 0 328.480718599969 328.480718599969 345.090599349543 345.090599349543 0 0 345.090599349543 345.090599349543 0
"376" 0 341.838315006969 341.838315006969 346.019823447421 346.019823447421 0 0 341.838315006969 341.838315006969 0
"377" 0 325.228434257395 310.477001703577 341.838315006969 345.090599349543 0 0 310.477001703577 310.477001703577 0
"378" 0 305.78480524489 296.644812957964 328.345545699961 353.68299267258 0 0 296.644812957964 296.644812957964 0
"379" 0 327.727129833386 319.357120402389 351.658283558629 351.658283558629 0 0 327.727129833386 327.727129833386 0
