"2016-06-17" "2016-06-29" "2016-07-12" "2016-08-29" "2017-06-04" "2017-06-13" "2017-07-06" "2017-09-08"
"16" 8.19241529625241 74.6759483018401 0 0 0 0 11.1226445305397 30.1526723905312
"17" 8.19241529625241 74.6759483018401 0 0 0 0 11.1226445305397 30.1526723905312
"18" 2.51134946436316 68.7536850645459 0 0 0 0 7.31427691543068 21.334426973745
"19" 0 63.5484841117624 0 0 0 0 0.251915514126322 14.1452327804205
"20" 0 63.5484841117624 0 0 0 0 0.251915514126322 14.1452327804205
"21" 0 59.6947358803092 0 0 0 0 0 7.39207236784454
"22" 0 59.6947358803092 0 0 0 0 0 7.39207236784454
"23" 0 63.9253562171465 0 0 0 0 0.0310822910444413 0.0310822910444413
"24" 0 77.3540032988637 0 0 0 0 0.0414430547259218 0.0414430547259218
"25" 0.431993184065409 77.3540032988637 0 0 0 0 2.65448129673305 2.65448129673305
"26" 3.4942857261011 0 0 0 0 0 7.96424585061364 7.96424585061364
"27" 8.0562228528962 0 0 0 0 0 11.9674379618447 11.9674379618447
"28" 13.4958151568009 0 0 0 0 0 15.5267079949494 16.9724508091996
"29" 27.6099296789761 0 0 0 0 0 27.9305060985878 32.0798898034887
"30" 37.8680970134939 0 0 0 0 0 37.3353232607946 42.3739876715775
"31" 46.5824399940653 77.20685683984 0 0 0 0 46.085180669409 55.00897291648
"32" 50.5056193989777 68.5687991082987 0 0 0 0 48.0947652667816 61.2165662781938
"33" 51.0748909079287 61.2815533348384 0 0 0 0 46.6974987653683 65.4771948623128
"34" 52.6584777889953 61.2815533348384 0 0 0 0 47.6557439117835 69.118253736863
"35" 51.9327984891548 61.2815533348384 0 0 0 0 48.2648898537828 71.1358704283337
"36" 42.7530262758332 55.1133282545342 0 0 0 0 40.0020947993042 67.0937603437833
"37" 35.3613155655972 55.1133282545342 0 0 0 0 34.3657403645677 65.6075840853426
"38" 32.3639278959788 51.8404909814821 0 0 21.4428658756093 0 30.9354009794252 61.5541935801707
"39" 27.2649946370443 45.1362255441896 0 0 36.3788864743594 0 22.6554802133699 59.4236770254059
"40" 27.2649946370443 45.1362255441896 0 0 36.3788864743594 0 22.6554802133699 59.4236770254059
"41" 31.5255157209131 44.5732375244077 0 0 39.2952085193861 0 27.492190600198 58.4193391706243
"42" 31.5255157209131 44.5732375244077 0 0 39.2952085193861 0 27.492190600198 58.4193391706243
"43" 40.6204066803021 45.9079416461583 0 0 42.808941363397 0 34.5231245827162 55.5432321940039
"44" 40.6204066803021 45.9079416461583 0 0 42.808941363397 0 34.5231245827162 55.5432321940039
"45" 47.4068250670138 46.8077591850808 0 0 47.4068250670138 0 40.0536452661467 59.1073098148512
"46" 47.4068250670138 46.8077591850808 0 0 47.4068250670138 0 40.0536452661467 59.1073098148512
"47" 47.4638825491651 47.9436852566182 0 0 47.4638825491651 0 42.8905108966697 60.3255518821243
"48" 48.9815589340606 56.491672596002 0 0 48.9815589340606 0 42.5788386205671 59.92730168752
"49" 37.1689116849674 59.8003751703506 0 0 37.1689116849674 0 32.5955400324721 57.282232992571
"50" 31.3991669695847 61.4547264575249 0 0 31.3991669695847 0 28.2987778190845 62.8099253161392
"51" 22.4279764068462 60.8913351287141 0 0 22.4279764068462 0 20.2134127279175 55.2013776795662
"52" 9.32682632999717 56.736798913547 0 0 9.32682632999717 0 9.32682632999717 52.5521570202913
"53" 9.32682632999717 56.736798913547 0 0 9.32682632999717 0 9.32682632999717 52.5521570202913
"54" 6.78068173321182 49.7116851454607 0 0 6.78068173321182 0 6.78068173321182 46.6155030057861
"55" 6.43803700160274 45.014468620635 0 0 6.43803700160274 0 6.43803700160274 44.9938797060212
"56" 10.7369153999414 42.8839417491349 0 0 10.7369153999414 0 10.7369153999414 42.8667843202901
"57" 21.5227518579887 36.7393212988373 0 0 21.5227518579887 0 21.5227518579887 46.7557410375228
"58" 21.5227518579887 36.7393212988373 0 0 21.5227518579887 0 21.5227518579887 46.7557410375228
"59" 28.2217531146377 35.8944881103269 0 0 28.2217531146377 0 27.6439154859359 46.7018338022693
"60" 36.2814335418111 39.640075495409 0 0 36.2814335418111 0 32.2514074318486 43.7831066534123
"61" 36.2814335418111 39.640075495409 0 0 36.2814335418111 0 32.2514074318486 43.7831066534123
"62" 41.7123621548028 54.2905366988517 0 0 40.8554586345609 0 32.2278786786454 42.1121922971285
"63" 41.7123621548028 54.2905366988517 0 0 40.8554586345609 0 32.2278786786454 42.1121922971285
"64" 45.8531099807206 52.3965148316666 0 0 37.9279448321986 0 31.7087246603512 35.3366117289316
"65" 47.1906998346103 48.5383591218354 0 0 35.941126416734 0 31.698733725713 29.8983654041046
"66" 47.1906998346103 48.5383591218354 0 0 35.941126416734 0 31.698733725713 29.8983654041046
"67" 42.3966383233274 50.3702902508216 0 0 32.7541468222906 0 31.9942806955386 32.0912675208156
"68" 38.0494454077809 47.3538530516759 0 0 25.7496222346679 0 31.928390263542 32.0641718189298
"69" 36.9838464707372 50.2657326677356 0 0 26.7339938264764 0 31.8829671838714 31.996118480028
"70" 26.4264529341285 50.1312614253432 0 0 29.0643597671569 0 26.7621257988434 29.0113182813232
"71" 25.5941055615244 53.5363664539097 0 0 31.1638506546792 0 25.5941055615244 27.8903291028423
"72" 28.7276644453621 53.8648037480739 0 0 33.4152294110089 0 27.218417718916 30.367824117732
"73" 30.0831931125635 50.366505892783 0 0 35.552018905818 0 25.6483659044738 30.0831931125635
"74" 30.0831931125635 50.366505892783 0 0 35.552018905818 0 25.6483659044738 30.0831931125635
"75" 30.4799039577329 46.4289790194564 0 0 36.7108839946461 0 27.5101397171737 30.7687301698998
"76" 30.4799039577329 46.4289790194564 0 0 36.7108839946461 0 27.5101397171737 30.7687301698998
"77" 35.075736684347 43.1931169939108 0 0 39.632126438624 0 35.5542164964948 39.1712267684584
"78" 34.4814066961032 38.5960049980815 0 0 39.8675064933404 0 37.2642238501347 40.2150928138592
"79" 34.1106116656455 37.5394435839607 0 0 39.8675064933404 0 36.4296259606717 40.261529233967
"80" 32.2205152100908 36.6336062833807 0 0 38.4933102992024 0 36.5002754863156 37.4927302686522
"81" 32.2205152100908 36.6336062833807 0 0 38.4933102992024 0 36.5002754863156 37.4927302686522
"82" 30.9769968504322 32.0882411075417 0 0 39.3266574418382 0 30.5616577826941 35.9603856968267
"83" 30.8624513113341 30.8624513113341 0 0 0 0 25.4534349427108 32.509866275564
"84" 23.0054433660136 24.0057063039897 0 0 0 0 18.1810249590792 24.1821683404635
"85" 18.397352435534 24.5333064586012 0 0 0 0 13.5729340285996 18.397352435534
"86" 18.397352435534 24.5333064586012 0 0 0 0 13.5729340285996 18.397352435534
"87" 7.81715491276031 30.0999264274837 0 0 0 0 3.59578880669272 7.81715491276031
"88" 1.1209745009041 30.8313365205353 0 0 0 0 0 1.1209745009041
"89" 2.40933508516966 34.415460922778 0 0 0 0 0 5.2622769564914
"90" 2.09147227932211 43.5993333018278 0 0 0 0 0 5.89539477441776
"91" 4.60606668789033 43.5993333018278 0 0 0 0 0 11.2783484905857
"92" 7.59336066599992 44.8996432119229 0 0 0 0 0 15.4189986452207
"93" 12.4820961120139 48.2930916765373 0 0 0 0 0 20.4966707268294
"94" 18.0083472438197 49.9496200494915 0 0 0 0 0 25.9915227044773
"95" 24.2177182529911 50.8096597421045 0 0 0 0 0 30.3175946385319
"96" 33.7605755053422 57.0933358075927 0 0 0 0 0 35.3298712293477
"97" 33.546391464865 59.9371415998788 0 0 0 0 0 31.1679464926062
"98" 31.7323189086217 62.2424556736091 0 0 0 0 0 24.94279352295
"99" 31.1081220288249 64.6276939238879 0 0 0 0 0 19.7457083056776
"100" 30.1048534460972 63.7437036945726 0 0 0 0 0 18.5265121394131
"101" 28.3877014999698 59.8107858681071 0 0 0 0 1.14738228173099 19.1490440105122
"102" 25.6534204175745 55.9073504750326 0 0 0 0 4.58313196941952 19.2416629130058
"103" 23.6674590888602 50.5661767121409 0 0 0 0 8.68035385691477 21.766422373859
"104" 26.1388887048174 47.3253987549028 0 0 0 0 12.730289957528 27.175337032678
"105" 28.7986508196927 39.2797474347524 0 0 22.0683525184907 0 17.9405175715141 36.0031269376908
"106" 29.5252292596749 40.2850752178716 0 0 24.6947909703424 0 21.6839760557699 40.7574771645304
"107" 28.399324379698 38.0160836874707 0 0 26.6715291705422 0 25.7591940271626 41.2947656926074
"108" 26.6695590516009 41.8709435957141 0 0 26.7794880308578 0 28.156649964663 38.6566137617628
"109" 26.1173531308863 42.1338327112107 0 0 26.7794880308578 0 28.7432788433549 39.1422860434585
"110" 24.8639912838589 43.9751505509369 0 0 24.1145853712365 0 26.4991279970768 35.5982592971675
"111" 23.2196747144733 43.8570214169113 0 0 20.669644603917 0 22.9140588455184 33.6082216200264
"112" 16.4138793604062 50.9132336798205 0 0 16.0765613541397 0 16.0765613541397 29.9237931739619
"113" 12.9061689050713 56.5170226834584 0 0 12.5688508988047 0 12.5688508988047 28.1008318117947
