"2016-06-17" "2016-06-24" "2016-07-12" "2016-08-29" "2017-06-04" "2017-06-13" "2017-07-06" "2017-09-08" "2017-09-15" "2016-05-17" "2016-05-31" "2016-08-31" "2016-09-01" "2017-05-31" "2017-06-14" "2017-06-27" "2017-07-12" "2017-07-30" "2017-08-06" "2017-08-26" "2017-09-02" "2017-09-08" "2017-09-15" "2018-05-21" "2018-05-28" "2018-06-02" "2018-06-04" "2018-06-09" "2018-06-21" "2018-06-26" "2018-06-27" "2018-06-30" "2018-07-07" "2018-07-20" "2018-07-23" "2018-07-24" "2018-08-10" "2018-08-18" "2018-09-08" "2018-09-09" "2018-09-13"
296.289938602148 NA NA NA NA 315.920630647532 NA 156.617962358719 NA 146.525161627861 165.017042520782 579.623748517435 579.623748517435 134.160298607909 371.005290699228 323.88654762462 NA 567.223968185152 607.524971125101 615.049383997405 401.948250805924 285.088709659563 193.147924181871 175.942127658285 347.755490526903 202.183585084656 NA 338.135514940436 427.381724640407 NA 487.3174037108 NA 514.177385647555 421.170552604295 418.182280937518 395.43284573807 666.124956445169 634.246530140356 698.748539703751 628.568116199184 423.79980687822
301.270565165439 NA NA NA NA 323.11315691048 NA 163.248959594452 NA 151.739714588149 173.461295310057 572.197198770255 572.197198770255 138.83118844998 365.158565813179 334.568910382331 NA 560.822536091945 605.182626882562 604.753207423516 401.426773821782 289.413170122765 197.525048357546 181.741549653059 354.601728056411 214.64265076342 NA 344.545499944744 432.483909559233 NA 492.532032745497 NA 506.277776080235 421.114194362277 423.108054123355 394.219927973656 616.397253491891 626.922163453916 681.197063455016 609.423497278645 420.956414158463
296.289938602148 NA NA NA NA 321.773836488309 NA 160.993763170779 NA 148.7943255122 171.940739644841 577.56783161518 577.56783161518 136.800080978483 366.491072792318 330.175040429368 NA 566.997765974264 607.930307013572 612.35589371304 403.777552444411 287.516273396501 196.602747463384 177.609935084977 352.530525081977 209.389313100378 NA 342.295620224358 430.510146114686 NA 489.16242396406 NA 512.668676818464 421.624470609567 421.782354369534 396.693059782575 641.598136159008 633.341357172555 693.088539475974 618.503432190497 423.572174986378
301.270565165439 NA NA NA NA 320.91270362412 NA 165.893722269822 NA 154.200388302723 172.824394108077 563.752555412658 563.752555412658 140.545033473341 364.387149032136 336.598824260501 NA 551.892571742269 596.97818485264 597.805497730238 397.912863229661 289.332535653448 195.679624895484 182.392970405164 354.538538022217 215.854443802631 NA 343.99044739894 431.251020437351 NA 494.663189685347 NA 495.587527781263 420.215452767603 422.287711335584 390.466171080431 592.286035912858 616.194337591618 664.945235980343 601.842364369992 415.994382300385
301.267639157406 NA NA NA NA 318.795678601931 NA 165.299557890618 NA 155.666106181449 172.426383245832 551.419747771504 551.419747771504 143.103928241673 359.617289994679 343.094600492329 NA 542.057352369577 579.53631735443 582.563509079707 385.011272357412 284.737907248186 187.231348905699 180.857111389522 355.020670052764 220.13283459249 NA 346.727679586075 430.523273101819 NA 502.445632513614 NA 477.434892581877 417.88838782951 421.250985561726 385.47399846535 543.483278669989 598.251307779833 631.903003436962 583.160114094121 404.619334856681
301.270565165439 NA NA NA NA 318.848304082148 NA 164.581615937657 NA 153.698819128453 172.515651332374 555.020413656718 555.020413656718 141.278761991584 358.739179542857 339.942881259212 NA 542.415168877211 584.628644008473 588.943670921088 392.592025468861 289.500097053814 191.179169940427 182.886525201017 354.593826303706 218.522779886772 NA 345.644882671926 429.79259118945 NA 499.227990429501 NA 484.033947942577 417.822039120666 421.125731328132 385.793490791091 563.150924490715 603.745474258134 646.186598384748 588.957071342065 408.816876514597
293.801088324519 NA NA NA NA 306.09912254935 NA 151.509636783843 NA 137.878806951612 166.188140423552 572.365751446422 572.365751446422 132.816104608997 363.944770081117 318.835833671101 NA 554.061394174008 595.390744704469 611.087947005591 394.435438846546 290.202585028922 187.795146381706 174.737513699246 342.942342162394 204.239395739638 NA 339.67512185082 417.027578582277 NA 484.329655739696 NA 505.841421384278 413.410971205658 410.383675621358 386.732357455453 657.116259667665 620.611170306461 688.899408662937 622.932204131612 417.89126284524
286.328685475566 NA NA NA NA 294.900120350619 NA 150.079634036919 NA 132.324745798348 170.189283632423 563.601605109822 563.601605109822 133.521200012657 353.360657352414 310.87905619288 NA 542.347303221388 580.569637044638 600.255584824066 382.96349837579 297.269776321471 188.702609720999 172.7286533643 334.256984231401 212.935709668964 NA 333.633374172751 405.051627227353 NA 477.62461061937 NA 496.700903777924 400.869172349098 398.995103665911 375.007966763177 638.414977970655 603.139874435045 668.946011593492 612.009275710821 408.020378091152
286.328685475566 NA NA NA NA 279.717626124002 NA 148.692675953693 NA 128.333305442388 173.187372428138 542.492493856113 542.492493856113 131.67607354831 333.77717269472 298.013382988353 NA 515.558942224264 549.937906178545 581.485131302279 370.034893758738 307.071127858264 191.463063141016 167.962609881419 322.776718215833 222.168790626055 NA 325.021764855105 384.905752159287 NA 465.829651966822 NA 475.10574364481 383.266721252975 381.41185115847 357.176239711806 598.585280856995 572.644900586636 633.323315651527 588.228180483481 394.172983145028
NA NA NA NA NA 468.669737993922 NA 344.125364659803 NA 329.947428368217 368.829755914784 739.616668464637 739.616668464637 281.412945924802 515.338352366705 512.197664177511 NA 721.514284510467 770.582532708417 756.308472456727 499.69529773832 444.970764570605 397.867770515753 NA 482.306362790517 401.793298011928 NA 440.588710394062 555.853884260751 NA 650.414925075942 NA 642.150026661558 537.240203616128 553.113578388385 509.556780311797 650.993028561916 767.097231304232 772.530204554783 739.621240704646 486.002563335733
286.328685475566 NA 355.225955579343 NA NA 265.280486024833 NA 150.262964639604 NA 129.617427532634 179.177443224029 521.972577995563 521.972577995563 130.640361843593 315.383581380505 283.772602223158 NA 489.690928947725 520.71210618539 557.809617212552 352.915762024946 311.550577048909 196.170771042276 161.159284809946 308.116797253599 232.165476660695 NA 312.16312101852 363.15368884755 NA 449.957905346277 NA 449.53787892368 363.841057360125 361.848704240334 336.126887509395 557.284710828183 536.214725521728 598.234097301445 567.638185087287 381.797936252839
NA NA NA NA NA 443.411079563022 NA 316.990212672466 NA 308.305275461968 345.501693175415 714.264544676444 714.264544676444 261.554542201647 496.334764963788 480.403623550734 NA 696.033536930941 745.45836512615 735.673885069782 479.80224873926 423.658762695278 370.930291962245 NA 460.576261929851 377.178130126157 NA 420.91766938264 534.151576497458 NA 628.693582821657 NA 614.584726501972 518.352956545646 530.838925202621 488.999100778194 611.902733907598 743.432207728086 757.555934913816 716.842909560665 471.893325790585
NA NA 318.706423997163 NA NA 246.200341112047 NA 143.716358150944 NA 133.476420039266 182.139871846551 496.008042599029 496.008042599029 126.917860157797 297.67428362187 262.621007476204 NA 461.965781464689 488.809527741553 530.90310272481 329.066235803129 305.757446034094 197.134586732495 NA 285.673122193741 236.116303608985 NA 296.08362554867 335.966831178226 NA 425.778584403572 NA 419.867747594399 336.712542721179 337.222876317826 307.341675313395 515.65811385873 485.774116251679 565.986670535299 542.670750275023 364.246630821288
NA NA 307.515644313081 NA NA 230.540187664091 NA 135.801571055868 NA 139.827362144683 183.527270770541 475.37985727168 475.37985727168 121.495274081864 278.851591050265 237.472853394919 NA 438.246347075222 459.601793926089 511.26574124455 311.781344279375 302.578159316843 207.441546198588 NA 261.737734522202 237.960690490177 NA 277.413295603515 308.178842090569 NA 399.649453609074 NA 390.429089881877 310.092730888389 311.615488130528 277.282551620232 484.908240212583 443.075851352511 537.247555742247 507.412507085422 346.216692843043
NA NA 272.242226309167 NA NA 202.065260852922 NA 118.240911897253 NA 148.040199528301 175.117285430309 448.546868036479 448.546868036479 111.829539843381 266.627755218472 203.974853869065 NA 413.390977688399 428.330889289183 493.768244965422 289.966455668794 287.964461184953 203.598367716456 NA 238.670536923376 228.37603397185 NA 264.281451495711 280.576098981887 NA 370.403859271385 NA 362.811082434498 283.423997647731 284.81199676205 250.703410777653 462.430735321677 403.934392799515 514.029039054051 474.386025465657 325.191346155917
262.972310017283 NA NA NA NA 358.41403400055 NA 249.257816335738 NA 244.478722326803 272.889059184114 612.257408218831 612.257408218831 211.717300459342 408.037427474627 373.40056285338 NA 597.823101099002 643.653496563362 625.62839643605 392.884399979518 350.811105367051 290.400065688096 121.100202852955 372.924816181318 304.119059696589 NA 349.398154481273 446.40658299821 NA 520.707212512322 NA 510.707702692821 436.292198690604 438.220930175759 398.481265016 496.113252650543 644.106296410353 669.200034935484 609.161975214272 413.017650579522
262.972310017283 NA NA NA NA 379.00164697618 NA 259.950373544325 NA 253.936648555341 286.000924297591 636.940018938338 636.940018938338 221.240900187307 426.308996675168 401.203672423073 NA 622.126401249829 667.490302648943 653.412277088947 414.273934145632 366.095632638333 305.325848183998 121.100202852955 392.556124403107 315.905178022618 NA 364.063603494005 467.104684282222 NA 547.543258282027 NA 533.571956908108 457.138550709149 461.204891118495 420.990208351168 520.438495162583 666.08540011497 691.537460775952 633.215304375854 426.245414485025
271.757453090734 NA NA NA NA 407.004442334876 NA 278.38517786255 NA 272.578594790822 307.441660391551 670.216560127829 670.216560127829 235.809722041026 452.370650054994 433.921096613314 NA 653.735104278005 699.873610372143 686.226443029643 438.186081889442 385.932761246638 326.516917347227 118.677863615943 416.723252242028 335.517772080518 NA 382.393391491049 494.34431635389 NA 582.641005345793 NA 567.729315783815 479.966244977886 487.124894898484 446.745788149281 550.112307676829 696.839216663275 715.829312840477 667.798053606507 444.046386376722
NA NA 272.242226309167 NA NA 188.073918290062 NA 106.087737688639 NA 154.116479225407 169.87197093663 434.679714672872 434.679714672872 103.125051767237 261.048564815958 182.411135560599 NA 402.870803610579 411.863309690974 487.336622932218 273.208480280028 270.625479089719 198.164078411155 70.0794218206469 222.987495554052 219.333909254518 NA 254.782393630093 263.384334264212 NA 354.586596107562 NA 346.173455050627 268.760321483867 269.210325317848 235.290481788757 462.534768459432 383.532907716412 506.596807209487 455.593118504573 311.735818284195
NA NA 251.919683854956 NA NA 163.04837357181 NA 84.2854574744153 NA 158.584562405327 158.218381596192 416.839120066378 416.839120066378 93.4662807622242 255.568482483861 154.036666717195 NA 386.314368499256 392.908161415231 483.794289530699 255.607683424398 248.553829150291 186.965447023516 53.4914344124621 201.517288842406 200.761374176276 NA 244.57564168132 243.593011970418 NA 334.307305207361 NA 326.532809296647 250.272893962488 250.70606862254 214.258473901322 469.37062546096 358.835606668965 503.256521832282 435.284512378052 294.05529793172
