"2016-05-31" "2016-08-18" "2016-08-19" "2016-08-31" "2016-09-01" "2017-06-27" "2017-07-12" "2017-07-17" "2017-07-19" "2017-08-06" "2017-08-08" "2017-08-21" "2017-09-02" "2017-09-15" "2018-05-28" "2018-06-02" "2018-07-04" "2018-07-07" "2018-07-23" "2018-07-24" "2018-08-18"
67.5060662579442 111.179971524376 111.179971524376 101.499149836431 101.499149836431 78.5723173726406 91.9312007877044 81.0882776151065 89.3032360877831 91.9312007877044 86.1965133076946 92.9460811922993 101.499149836431 90.261969928119 101.499149836431 92.6944305385381 94.2117800492273 75.0015536137538 78.7432461662561 86.475579656718 74.2682893894803
73.9990182113357 114.488308582534 114.488308582534 103.753192122117 103.753192122117 81.9237195898965 90.8008682575593 83.6320309710896 91.5522246013822 90.8008682575593 90.7085257366624 91.8083124892476 103.753192122117 93.3629203863275 103.753192122117 99.3947690918789 94.2066192510472 76.3772605851183 84.3892899471257 87.8814808292972 79.9143331703499
59.9700068751255 106.118975692694 106.118975692694 98.5071895513829 98.5071895513829 76.9181142370903 93.4294878591817 80.3324153748046 86.2933755656289 93.4294878591817 81.775590814781 89.5157448450336 98.5071895513829 84.9979600941857 98.5071895513829 85.3613851579706 93.464943442442 73.7699619941117 73.4792363323227 84.8856557089129 69.004279555547
61.8646304229501 77.2544730529937 77.2544730529937 79.6529988442045 79.6529988442045 57.3602892244241 74.5962376698392 67.9166009393653 62.155396140538 61.8646304229501 66.7356710248093 51.1042498373061 NA 70.708428029333 103.55657119432 137.610212748099 72.8909748668726 54.7933884568148 65.8878744287447 66.7356710248093 68.0754684115422
67.2627284004989 81.2463635513682 81.2463635513682 83.0863121938871 83.0863121938871 63.3214298517886 77.1747335014761 71.8475742118925 66.5361722556747 67.2627284004989 70.5439127794122 56.8664192403468 NA 75.001051306084 104.260699425029 128.136674178729 76.9107797889311 58.8662642923661 70.7830669055692 70.5439127794122 72.697211640517
53.1186614439994 70.9823329678229 70.9823329678229 71.3898453988841 71.3898453988841 48.6143202454734 70.6159751859072 61.71096359454 53.9017046408667 53.1186614439994 56.4732682684538 37.5968781602855 NA 60.3083892057927 96.4371704770746 146.565566637467 66.654230574771 48.8669703514517 55.3777011209039 56.4732682684538 59.7906699645947
76.2043439345953 113.728706687273 113.728706687273 103.064415937645 103.064415937645 83.7767019575573 89.545486386779 86.8970988070707 92.5615081043232 89.545486386779 92.5615081043232 87.8349939669581 102.993590226857 93.0220630910554 102.993590226857 103.15561690338 92.9512373802669 77.4201717451099 88.1501377586264 90.3028498005587 83.6751809818506
51.9003320032729 102.935111950506 102.935111950506 97.5836192420405 97.5836192420405 75.6346538794593 94.4116551500815 78.2024561853868 84.9815726275522 93.5669351054239 80.4637878767043 85.0918154266392 97.5836192420405 81.418750720449 97.5836192420405 77.6870559176668 94.4116551500815 72.4865016364807 68.0652005248644 82.7202409362347 64.8932364329054
46.0871883841909 98.5090393332896 98.5090393332896 96.0029080715455 96.0029080715455 72.1489339161223 94.2470597224335 74.3637748716106 82.5539532845354 91.1393157624071 78.0361685336875 77.3039355154547 95.1598207305258 78.4231567476925 95.1598207305258 71.8461004981891 94.2470597224335 69.8438690141634 64.5100270490636 78.8815596224585 63.5972660409714
70.7792559937776 103.82778187875 103.82778187875 98.7299062949946 98.7299062949946 74.54020661227 83.5277696263514 80.4555246601025 83.4355567794045 80.4555246601025 83.5905253725842 69.7153442801143 95.2948604864194 87.0255711811594 97.2087226121894 96.8936674500877 86.5078017456533 69.8609317443011 86.3214939931151 83.4355567794045 82.4059068134363
65.1950914744551 83.1754306872841 83.1754306872841 77.5885469095224 77.5885469095224 65.1950914744551 66.5462037714589 49.8583407141579 65.1950914744551 65.1950914744551 65.1950914744551 NA 71.3168623645104 72.5768351215176 77.5885469095224 NA 71.9356924242067 55.4253914006758 67.1650338311552 65.1950914744551 67.1650338311552
66.3978034326504 84.6262302046161 84.6262302046161 79.8374726808203 79.8374726808203 66.3978034326504 67.5558996872251 46.885728448942 66.3978034326504 66.3978034326504 64.5700340236739 NA 72.2101430742447 75.60352834703 79.8374726808203 NA 74.992168836264 54.0150438237054 70.3379254492444 66.3978034326504 70.3379254492444
65.2135513463694 77.7791275368551 77.7791275368551 72.1922437590933 72.1922437590933 65.2135513463694 65.2135513463694 55.38438811737 65.2135513463694 65.2135513463694 65.2135513463694 NA 67.3541821857113 70.6253526367317 72.1922437590933 NA 67.3541821857113 60.8689281292617 65.2135513463694 65.2135513463694 65.2135513463694
69.0872469816411 98.6693038236681 98.6693038236681 93.6694638295249 93.6694638295249 67.1076890874837 79.2659930429624 74.9950533305755 77.9750854498775 74.9950533305755 78.0991199850924 57.7973883504245 90.2344180209498 81.5341657936675 95.9686363053789 93.7124690059828 82.2460251622643 61.4462578791308 85.0295138450359 77.9750854498775 81.9125925474378
67.9019494698739 88.1386037048685 88.1386037048685 83.3498461810727 83.3498461810727 67.9019494698739 67.3703036740585 41.8697703440846 67.9019494698739 67.9019494698739 63.8182417213714 NA 72.0245470610782 78.5257340866503 83.3498461810727 NA 76.9917366264814 53.3340260575449 72.3374932394618 67.9019494698739 72.3374932394618
66.7777654601054 89.5359228399729 89.5359228399729 86.7162115876832 86.7162115876832 66.7777654601054 66.2461196642901 38.4115655902299 69.0052909611155 69.0052909611155 63.1999101162149 NA 70.9003630513098 79.2500169387496 86.7162115876832 NA 78.0950781177231 51.0117705631695 73.5473299737796 69.1117862041917 73.4408347307034
65.765968455235 89.6052833449228 89.6052833449228 89.0436858789666 89.0436858789666 65.765968455235 65.2343226594197 38.0641752645911 70.2108407692997 70.2108407692997 64.3701237202069 NA 69.8885660464393 81.6191271263659 89.0436858789666 NA 79.3006279259072 47.7472905410524 76.9702265950183 72.5346828254304 74.6463845388876
61.6284951241582 66.3105644146681 66.3105644146681 61.6995434496083 61.6995434496083 61.6284951241582 57.371391580296 61.6284951241582 64.3565200763649 70.9844855650577 64.3887185229414 0.0710483254500821 45.7197287225028 70.9844855650577 66.444512925448 NA 71.0555338905078 41.4901176267217 64.3565200763649 59.8846880041592 64.427568401815
67.7129072600832 94.5530207929073 94.5530207929073 88.0934493529717 88.0934493529717 64.2447086787577 77.0243929204671 71.3958415524058 74.3758736717077 71.3958415524058 74.2516592184564 46.5334890533614 84.6584035443966 77.965985139056 92.4018870792238 91.5729886736054 78.6468133840946 56.6050433435649 81.6783714250946 74.3758736717077 80.5382528258799
59.8017788068522 67.0638643703499 67.0638643703499 62.4528434052901 62.4528434052901 59.8017788068522 58.1246915359778 60.1564202189467 60.8363910163074 69.1577692477517 59.7404245292135 2.65106459843789 36.3746144687924 69.5124106598462 68.3592635057394 NA 71.8088338461896 38.1121195819297 60.8363910163074 56.5066899593673 63.1328142026508
