"2016-05-17" "2016-05-31" "2016-08-31" "2016-09-01" "2017-05-31" "2017-06-14" "2017-06-27" "2017-07-12" "2017-07-30" "2017-08-06" "2017-08-26" "2017-09-02" "2017-09-08" "2017-09-15" "2018-05-21" "2018-05-28" "2018-06-02" "2018-06-04" "2018-06-09" "2018-06-21" "2018-06-26" "2018-06-27" "2018-06-30" "2018-07-07" "2018-07-20" "2018-07-23" "2018-07-24" "2018-08-10" "2018-08-18" "2018-09-08" "2018-09-09" "2018-09-13"
"1" 306.495545522322 346.153521657282 376.889532020156 376.889532020156 NA 361.36594803226 360.832882602835 NA 374.957097363711 376.889532020156 380.976581734696 371.997606232332 359.251515922739 353.725645817529 363.284265245283 362.649027252271 364.065572805501 333.34701043286 370.598280599571 365.825125868264 379.139221463761 367.116351148372 0 361.011068985502 367.463084135033 371.997606232332 364.169194963171 543.221155308833 372.367003817337 370.774973263662 377.741370668147 368.085235574165
"2" 302.757537987546 340.482137853749 369.539362937522 369.539362937522 NA 353.40012941653 351.465802553289 NA 366.821738876558 368.367686601714 377.718680855996 364.454145971455 350.954646469063 347.146381000809 353.426908667248 353.672655532689 356.307025223408 333.34701043286 363.976639472298 357.714667673618 367.653482687165 357.24651464957 0 351.426288188083 359.025034287034 365.625822307263 354.888789701408 533.204322048105 363.978359516891 369.557394079168 370.20330040746 359.522755438339
"3" 298.327306608877 335.378288289749 360.902859867629 360.902859867629 NA 343.189158264264 344.953359776672 NA 358.638173150158 359.106963685114 372.748818713307 355.845679826565 342.839326090595 339.665771533718 346.587614871637 345.104333643617 347.805081367772 333.34701043286 357.155456750704 348.978116742947 358.443093221568 348.082549574351 0 343.232360856445 350.070088920794 356.822076773072 346.117778784217 525.697996914351 355.449191114428 364.30874792727 362.162775164343 350.484856546881
"4" 290.17225997561 323.500233108693 344.136589713563 344.136589713563 NA 325.668876280653 329.334433775458 NA 342.691528947356 340.191306692169 355.728214955985 339.565588797975 327.501655028055 324.759999176034 331.361324056657 327.970318847755 332.467410305232 333.34701043286 343.070288376676 332.467410305232 338.917447117328 330.477410311311 0 326.702025315178 332.936074124932 340.541985744482 328.983763988355 507.838659121325 337.353160072746 349.752460579922 344.797761675304 333.718934961351
"5" 283.120806733982 312.162434503939 329.599282216363 329.599282216363 NA 308.85914575418 316.245838290923 NA 328.154221450156 323.288783635153 341.226020001059 324.071426802492 313.803799009591 312.897097229538 317.183165930324 313.021155842252 318.224772965868 314.033109361257 328.13506478765 316.973465978829 321.922131529769 314.747884873168 0 311.262153687306 317.442129798529 323.79651676196 313.489819661952 491.71610147999 320.45063701573 337.084310826239 329.514569685916 318.224772965868
"6" 280.565113122868 305.589916649352 323.619429133249 323.619429133249 NA 304.401201103626 308.996070675976 NA 321.44248848265 316.839488694452 334.288960847227 318.582688032452 309.781864209966 309.004691255635 311.94542145084 308.038664871965 313.571270458203 314.033109361257 320.923417418029 311.426359274746 315.738099154115 309.518718327037 0 303.683406107583 311.828071120203 317.274688517429 308.440376717423 480.017722406553 314.40679159209 332.850006346518 323.400194887288 313.571270458203
"7" 267.355160342573 291.084822682547 303.858825470449 303.858825470449 NA 283.850768919517 292.943379643732 NA 301.105547932156 295.109848071894 314.125232239366 298.451291339219 293.515398140736 294.025756987331 310.876927595144 290.17395487341 295.271782162737 275.405307218053 298.532098238635 291.930338895412 292.619695246643 290.17395487341 0 283.628095932843 291.930338895412 296.086245018401 290.17395487341 447.029081802331 294.467094303088 313.182458029437 303.594806585999 295.271782162737
"8" 263.99323929318 286.010272527614 297.27911096561 297.27911096561 NA 280.142175409633 287.775637178369 NA 294.700366840858 289.712712399946 306.226265560453 292.644081710271 288.430146261499 288.867596701438 322.148488977576 285.481946801246 289.918788130429 275.405307218053 292.860722131254 286.987418820105 279.588022942977 285.481946801246 0 278.529765700071 286.987418820105 290.549624068381 285.481946801246 442.21007752991 289.161780598113 306.620715456755 296.783708739899 289.935618280357
"9" 256.400575774343 273.51827358147 283.690484797287 283.690484797287 NA 268.100882522359 276.355825142102 NA 280.172865551593 275.62314047052 289.290889508854 279.189626940653 278.087947536073 278.087947536073 329.117748670166 274.386511499284 277.751114794084 275.405307218053 279.810632133654 274.81974548376 263.312788497061 273.751394339475 0 265.137122571606 274.184628323952 275.62314047052 273.751394339475 421.023473830702 275.62314047052 291.729491323479 284.044615170628 278.521181520549
"10" 248.897200171286 257.378252009057 268.445514985794 268.445514985794 NA 256.874798517596 258.571210951325 NA 262.074245313876 259.499885326246 269.337842562359 264.911923949272 267.042180408368 267.042180408368 342.859486921496 261.491993087227 264.911923949272 275.405307218053 264.568589939694 261.491993087227 241.322526318899 259.499885326246 0 247.320242826487 259.499885326246 259.499885326246 259.499885326246 387.603335715702 259.499885326246 277.492315746033 268.927258287933 267.042180408368
"11" 249.068356852981 255.380039476927 266.729238520977 266.729238520977 NA 255.906298292675 257.698877516515 0.235494629889974 260.078054472164 258.32562841184 267.825254280823 263.58269206361 265.858615207738 265.858615207738 341.898016450629 260.651322753285 263.58269206361 275.405307218053 261.592640224898 260.651322753285 242.914290688722 258.32562841184 0 246.763130087393 258.32562841184 259.078413809069 259.078413809069 379.80975637373 259.078413809069 274.04944517683 267.51226797504 265.858615207738
"12" 249.582029488066 248.217685962095 259.766984668026 259.766984668026 NA 255.094147970325 250.616006126782 7.27740260149249 254.153706384216 254.187737492393 262.417048880362 257.849187947412 262.421065823377 259.840620698524 331.82013676612 257.087762330777 257.849187947412 0 257.346747896498 257.087762330777 237.679492652463 254.187737492393 0 242.285997156165 254.187737492393 255.784723630936 255.784723630936 358.671419963361 255.784723630936 268.187171250304 261.644344124798 259.840620698524
"13" 247.397320533443 246.11576267124 256.535256682252 256.535256682252 NA 253.057085980306 250.230815030571 20.6228426082355 252.681576821779 252.155583454659 258.503352799851 254.878716864432 261.151403247652 256.870149615544 331.081734628526 255.994179221761 254.878716864432 0 255.309685906478 255.994179221761 235.652246567014 252.155583454659 0 241.895208079747 252.155583454659 253.678956187028 253.752569593202 340.524853702213 253.678956187028 264.303420334235 259.670962606543 256.870149615544
"14" 248.613520724371 245.373421532503 255.737784197806 255.737784197806 NA 253.721665747625 250.253126522738 39.1830515505301 253.271945181288 252.337100366195 258.608770699261 254.430948610999 261.855925176596 256.974652706013 320.083949468107 257.051904028032 254.430948610999 0 254.715695343861 257.327986315674 238.523506999445 252.337100366195 0 242.238381633653 252.337100366195 252.965966486604 253.934086504739 327.970967698165 252.965966486604 264.880178715831 261.579463894351 256.974652706013
"15" 252.972363498353 246.304437476319 255.903291397187 255.903291397187 NA 255.35012376649 249.073414294715 54.6680130264423 254.567429987347 253.500116753706 261.996784310226 255.53509930247 264.822527630209 259.941255159626 304.155222181815 259.153455066782 255.53509930247 0 256.226421970646 260.368180846514 244.265193929573 253.500116753706 0 243.18376133805 253.500116753706 253.440644313249 255.097102892249 312.051033008078 253.440644313249 267.215968010085 265.73479016455 259.941255159626
"16" 259.658599122966 252.939069460636 260.443203400529 260.443203400529 NA 261.013177857087 254.713655538892 68.3857667904815 260.981553322654 260.749178626366 269.74314345507 262.287323247098 271.526834796455 266.645562325871 294.345821445766 266.226076902671 262.287323247098 0 259.430921733523 267.672646267113 253.307646629218 260.808068213166 0 250.201189146762 260.808068213166 260.016156536881 262.405054351709 307.46097738658 260.016156536881 273.173694226396 271.883477418131 266.645562325871
"17" 271.065505415327 261.156112470738 268.612750216684 268.612750216684 0.493267020587351 269.202805224124 263.399763908654 77.5310832864893 270.605002042472 271.749358087404 281.180151468938 273.273104791542 281.588732382234 276.70745991165 285.982405924955 277.211858447115 273.273104791542 0 263.866482932786 277.734204458927 265.366058114145 272.732203063513 0 259.750393705834 272.732203063513 269.639605656877 274.329189202057 309.168549554136 269.230885369459 283.734905821421 281.713683429241 276.70745991165
"18" 293.982424854721 273.179848423822 285.853959530737 285.853959530737 13.7550208081168 287.350694190077 276.515539409377 83.6158564965789 288.05351593307 290.910587951267 302.486191652448 292.286565639747 301.145357885842 296.264085415259 290.369121249962 297.162224357514 292.286565639747 0 281.346859550096 296.74650707024 282.086939627047 293.223470701941 0 277.376135305198 293.223470701941 284.337917092104 293.224864555715 323.061080395747 282.082499643346 305.828206258642 302.145659686013 296.264085415259
"19" 318.410975514229 287.89616652632 306.744128101024 306.744128101024 35.8110134783304 307.443750388432 292.48966801233 94.1995958786645 307.960536562431 311.844936519183 324.861087040884 313.220914207664 322.182977481989 318.18111235737 304.211051879999 318.97624031158 313.265094205293 0 302.756984809889 318.472163029047 301.580741374443 315.140497644052 0 298.265439284848 315.140497644052 300.465299850188 313.265094205293 335.915542502865 296.906572471375 330.080098400208 324.942773638545 318.18111235737
"20" 352.998092517923 312.636353608147 335.341232108961 335.341232108961 69.7784363290733 338.28466903286 315.853906482904 107.433107322275 334.85692949081 340.44204052712 355.702005685311 341.8180182156 350.922984321941 348.62215697621 330.504790298086 348.655253628846 342.771429213864 0 333.597903454316 347.109466818239 327.93403074589 345.449063735453 0 326.538642390951 345.449063735453 327.582879348106 342.771429213864 360.4464811745 323.97997880327 361.708409355556 356.71590398221 348.62215697621
"21" 397.029283572535 344.96093232349 368.250924947986 368.250924947986 109.675019780926 374.895960357559 344.473036652189 116.233579611258 366.710231241046 373.351733366144 392.666620873936 374.727711054625 385.10615315257 384.506134314095 360.294581471894 383.250881437805 376.56109137341 0 370.209194779015 380.019105242097 356.788801235314 380.17724240855 0 360.004087979252 380.17724240855 360.787217932684 376.56109137341 396.99886128855 357.184317387847 396.795882686744 392.408346933508 384.156355713888
"22" 417.668793434222 357.549235400433 383.64465371013 383.64465371013 125.34287974963 390.85905835347 356.849845768248 111.626709335959 380.882480451075 389.074487066867 410.369060701299 390.64703299656 401.191206614353 401.191206614353 374.300322005035 399.386418697641 392.742324789456 0 385.502754835134 395.377437573812 370.92500529182 396.875068829617 0 375.292474063558 396.875068829617 375.73733412801 392.742324789456 415.320192603715 371.61973350534 413.918679901238 408.564346410587 400.791459642688
"23" 491.295286666354 415.541076309427 448.220951570536 448.220951570536 190.310160147114 462.283426476417 410.460152902694 123.854302839035 444.386167281492 452.094593918194 480.984817789325 455.107111755094 467.207432784649 468.279443004951 435.819362735616 466.142495754009 456.57877176379 0 455.960211778985 459.653393967924 427.316373085543 463.629256206708 0 439.717779106609 461.033233912726 438.284677665031 456.57877176379 485.935949691742 434.167077042361 484.534436989265 474.579971771197 465.400300570259
"24" 570.695814039944 481.621316779652 522.255103717373 522.255103717373 256.433500337962 543.384349223402 473.441567704505 144.268309030232 518.054150409745 524.44930184939 560.582257050922 528.035715259269 542.902678529108 545.313824719999 506.061904243745 542.906992919748 529.940012758184 0 535.282314490251 534.646893839271 494.441415812735 539.253889193449 0 513.515169217708 530.372822049741 508.898281090066 529.940012758184 565.769211639983 504.780680467396 564.367698937506 551.462835271658 540.3264590129
"25" 652.257684949395 559.048538832846 601.963443232275 601.963443232275 323.792932189155 634.526186037732 544.494849439717 173.411367458774 598.69697928585 605.179726098887 648.545851593353 608.398155767464 624.623128770566 628.860453358011 582.840981743867 626.453621557761 611.053303360198 0 625.049754092123 617.423599340875 567.19938420426 621.726848569942 0 595.600417765456 602.700239353347 588.57186383872 611.053303360198 655.880144705452 584.921372115955 654.478632002976 635.527488200103 622.046909254358
"26" 727.409462991798 643.370112831844 680.596350246982 680.596350246982 378.789707079924 722.77829830012 618.356676779138 210.525996360631 679.353728562928 683.808652622334 735.361637873957 687.630004691247 703.268732763301 709.868398852841 657.844508666484 707.495271658605 690.890887619995 0 715.275379739394 697.141275675424 637.910097809823 701.44678687939 0 676.723257628096 671.657217011201 669.239203518488 690.890887619995 742.460639085359 667.699222837256 743.066255210798 717.537839663404 700.692513247092
"27" 800.217148767118 732.316639013116 765.306868729772 765.306868729772 424.102163966955 813.854333731025 698.237380589988 246.994092048698 765.906938095106 767.896056073119 829.825563081366 772.80791927432 787.323586347295 795.377121127122 734.467480622504 794.008255831667 776.383844775848 0 809.677684647163 781.297112111142 713.768318027022 785.884016332795 0 763.693303461805 747.477292458349 754.783771306929 776.383844775848 834.813108887871 754.733287688617 835.41872501331 803.496687095382 784.747366831087
"28" 862.75172010932 817.099802094609 853.139004195246 853.139004195246 451.667548618614 901.485216238635 781.106557969492 279.375791414084 853.035170562922 855.244025218734 926.036714805234 860.606373604499 873.014679979298 881.101646178126 811.842357542418 880.854992490025 863.042134556561 0 900.188304222447 868.212412053381 793.221437234101 871.760195131452 0 851.895122117131 827.966073585053 840.702910450205 863.176859097738 930.359765140772 840.702910450205 930.359765140772 890.191100041504 870.472141598384
"29" 919.043935521343 898.466887313118 942.559635046915 942.559635046915 477.902963289197 992.321797582949 863.88981657004 307.426673570802 940.866762163841 945.080864351778 1023.76785680616 949.022218807193 957.695858826788 964.72758988799 892.379568799564 966.873403797386 947.740469641281 0 992.000242347356 956.560452603848 875.903899332814 959.923206502604 0 940.164044015905 913.514684185031 928.496184348261 952.00886486088 1028.15817312657 928.496184348261 1028.99058968932 978.074521848978 957.309545418682
"30" 942.150415200914 958.346166954522 1008.08351578397 1008.08351578397 494.259758415239 1052.38415054315 927.277355758809 322.314660953562 1004.46964548361 1011.6572667709 1084.33255370134 1011.46410978286 1013.88242397531 1019.39357284424 951.207109458907 1023.40337820366 1002.9899659764 0 1054.23044774096 1017.96364081627 944.15304521492 1021.64923540805 0 1002.54503313052 977.517435397922 995.946816854426 1016.65263416908 1092.19972092582 995.613977427272 1095.17367608891 1040.19753556832 1020.05309989253
"31" 943.150239588483 1002.7241954829 1055.22923932231 1055.22923932231 512.157852581646 1088.49090115049 968.878175835212 320.244330555263 1050.62323503058 1060.12502472349 1115.68296017352 1054.78572249953 1050.1262609945 1054.86557860702 992.24405541894 1057.11718865009 1037.09134474173 0 1092.4858650189 1059.57913063181 1001.36063530464 1063.46588969138 0 1045.28614687384 1027.15686494592 1046.92410385391 1062.90551668454 1131.1571545781 1045.51968885554 1135.80570965909 1085.70039956076 1065.35058541722
"32" 920.811775262738 1025.10889196749 1083.02994482929 1083.02994482929 525.716868801328 1096.54990686278 998.788043892699 311.311873328142 1081.02820158257 1089.31559908293 1123.00923162225 1077.17988969338 1069.18951940039 1072.53895271514 1018.97474470778 1072.70052612528 1052.82387966669 0 1104.32585556973 1084.11706635576 1047.9943356867 1087.66885381901 0 1067.91870327444 1062.894933688 1078.57956800154 1089.72097428694 1142.83667235957 1076.45655315769 1149.63244135018 1114.69329938309 1093.83881374306
"33" 875.354493593733 1023.80219705324 1088.57325933665 1088.57325933665 523.116715453572 1081.50610922597 1013.11014656256 296.774845107402 1092.28524452177 1100.74621386127 1113.4389822528 1082.27478841037 1074.06775927968 1075.30514706252 1025.75578427522 1070.47578539201 1055.36835972871 0 1093.34548821377 1090.62040142838 1074.19631711508 1093.13150186572 0 1069.37557656015 1081.0306279021 1091.96730785962 1096.57545274406 1132.52946096091 1089.67605656179 1143.07690287508 1122.34019216485 1104.48382226701
"34" 819.544041775434 1004.78791253713 1070.66393531579 1070.66393531579 505.963678939758 1053.63426066511 1004.70646051126 274.265576987427 1081.48102413182 1093.30640657064 1092.0555058761 1069.75782435331 1063.98249295305 1062.60007425664 1004.8112338792 1051.12122406788 1043.79174536547 0 1062.4163873489 1076.23883382594 1074.93217482444 1078.35074482056 0 1050.37233808999 1077.69590857152 1088.12914695402 1084.88628509616 1108.53141734057 1084.90080704027 1124.53486379175 1109.88344104577 1095.31936115536
"35" 755.942359876549 973.165710456536 1037.62702245573 1037.62702245573 488.929580877339 1013.62519593351 978.626757928537 247.975218450442 1054.03910426915 1066.56526697262 1056.05672410486 1040.95982950297 1038.21224354747 1035.99311955635 964.972713997628 1018.67383044189 1017.20572733614 0 1017.11376559326 1044.52647832719 1059.09589490065 1045.65015292852 0 1014.89718292726 1053.01100263146 1065.20997506129 1055.47008657156 1069.31981597584 1061.83018651474 1090.37798644715 1080.93553904744 1070.90721585271
"36" 685.169680800601 927.947625145794 992.111258499534 992.111258499534 467.659391796192 957.340992838254 933.186551567084 222.596013486637 1009.42729285521 1019.91059285722 1002.62882751603 997.484526072493 998.275408741059 997.263273445832 910.293526745213 971.6509117856 978.824086179739 837.667312505171 960.460454425747 996.751340419952 1022.06873344317 995.997639798027 0 963.399610241101 1007.37905047064 1024.03214848817 1006.62249893882 1011.53881183902 1016.43507547846 1036.0504073107 1034.24640434175 1031.79170370778
"37" 618.924134306678 872.994249051659 935.561771579435 935.561771579435 436.886863912539 896.293121767355 877.495233464288 204.161923626172 951.914856142809 960.977468680611 946.912366907525 943.393113807157 948.366699559567 947.768976879299 839.054432630342 916.953944174583 932.649306223036 814.9090963197 901.123652093171 938.588544245511 957.960081875988 937.027626547776 0 902.832396097096 948.879829056255 970.514912242423 945.926642927569 946.513064127318 953.4442490384 974.715557197775 974.205036347455 978.072596114027
"38" 558.081785427318 815.867095955406 875.216885866081 875.216885866081 401.513403705241 840.092064357425 824.295866955802 194.910106871673 890.887115942124 901.019886954283 897.936556813016 887.225442333753 895.374001567639 894.208974173196 757.382906666833 864.328656521648 884.263396420786 783.553218423348 849.371823600236 878.932124842445 872.679361678738 876.602431110144 0 842.45954470359 887.484514770466 911.552296566556 883.047513245305 883.269882136135 886.445467678162 916.222297318625 908.585910795168 917.902176038776
"39" 507.544288334785 761.36391223045 817.096508125937 817.096508125937 368.123103841572 790.50094032753 769.988925515956 188.350562085623 829.992447960515 842.113617735072 852.98614277963 833.081956951953 845.111299892532 843.509978399294 673.392829830985 815.404686227047 836.737504856096 757.970443841525 803.79541711444 820.886780489923 775.053544130553 817.001167648319 0 785.375812931887 827.800358823859 851.654910389087 821.278809798659 825.972276235608 820.059226151124 862.657685709571 844.676370851922 858.86659407398
"40" 480.832254323194 720.555738099056 768.6106587395 768.6106587395 344.913044621327 753.189399376773 717.476598167906 180.846071350131 774.116024954188 787.291590617982 810.542157930042 784.144719687722 797.715318981182 795.863701517759 603.788206568342 771.642972370594 782.97554655342 738.68955446087 765.868581053993 770.057115426456 688.580540007272 764.262122590755 0 736.419456443897 775.228907137239 796.881735037315 766.192073065177 774.992711253141 756.880437674573 817.437094944704 788.972981577676 804.900266996368
"41" 459.270137140956 686.671989699027 728.165844293729 728.165844293729 336.018628731734 714.726819281795 671.957550195393 174.925132721065 725.439491980012 737.034007112552 769.102473741089 737.083569491126 751.068354359629 750.349633103181 546.167797835386 730.735431047212 731.492517696644 718.094721483807 727.834666234403 725.364917533016 609.943548637803 719.636610317336 0 691.308024184075 728.645591322099 745.683813169665 715.461593170211 731.250133428569 699.990926459186 775.232148690837 742.544141953183 760.464262872296
"42" 450.567066448173 658.817327123215 692.161951574568 692.161951574568 327.658028961064 681.607702661197 631.747788076797 168.139729246768 680.9956447445 695.134356385993 728.626273375522 697.54276569693 708.98766131319 709.858182723395 498.166929368087 693.705199173715 682.259609929103 704.318859818521 696.590877641519 688.187695981422 537.335058042376 683.346845144355 0 652.146038520192 689.643339998385 699.797001997078 672.232348635591 692.77514581702 647.488044022356 733.2169456085 701.951863577512 718.985363874562
"43" 436.583040819973 638.584235811187 660.445660262574 660.445660262574 314.507003623324 647.01785035861 608.76644336807 160.150627117563 647.983263349558 661.696871611764 693.329510080649 664.286021865855 672.994852247996 674.992273560502 463.82229193788 662.927149831876 638.982544369967 667.006573236323 663.136259496653 655.445661344314 485.204857766942 652.364049119792 0 620.391625436383 658.663403010493 663.409644022758 638.572536172952 656.943597600955 593.079528690452 696.178699447568 669.917062257035 683.064712398689
"44" 425.466366592619 618.798631065266 636.428826895438 636.428826895438 298.288705701774 617.579475295965 590.449327071041 153.065565452664 622.647330637498 637.3321812481 666.433019383902 639.919754534537 646.999713798695 649.161258763424 439.147528441299 641.558332279233 608.566235568719 637.83760000583 632.132494693357 631.699779812991 449.105926708605 628.786492190946 0 594.657982163989 636.827476557945 632.402781391716 613.804927770587 629.255854738896 548.841003981305 667.136032724228 646.558381559994 656.298391728077
"45" 424.218378982836 598.694678418089 618.25997309029 618.25997309029 279.417188903668 596.37558846396 573.206448303878 147.59131868008 602.200191594152 616.70635823902 646.910579611789 620.94696527544 629.335378418042 628.116074995131 423.107923449062 624.246931817054 588.590093159744 624.003622901694 604.840611000512 612.277783188174 424.893114671803 610.201342689185 0 573.55468723585 617.742024378471 609.778393435381 593.225636830992 608.388415594831 508.502480571902 647.209981450718 628.044052197233 636.656448780253
"46" 430.186355361092 579.609976347206 598.479388253169 598.479388253169 256.128571291223 579.696466838262 552.229267018741 142.260681806938 580.851700295531 594.0920597979 625.285581630503 600.751682687704 609.344208304006 604.709136659778 407.665408677702 603.282743496339 567.255960460975 612.559923462822 580.403983483048 589.402119237647 407.238643708379 589.537418109496 0 551.611056706563 595.771429742002 588.927153710596 571.448447675439 589.700152506696 465.550358949533 625.786863260377 605.490142224084 614.018932400594
"47" 423.553394209364 551.926044249866 574.209262932375 574.209262932375 229.657303437753 552.355122361197 529.75970925009 139.312882712771 557.187754142955 566.738545469616 595.93527914862 573.600206706868 581.590863645607 576.253454878355 387.145634272805 576.400300326459 547.912862172506 600.308405093965 548.243752125496 559.873854804991 386.718744426134 562.620920866268 0 524.564394330696 566.777253612032 562.949567365657 546.272541944061 566.916955535557 419.279165768055 596.437555395029 576.660278221717 586.934585204678
"48" 416.952087093869 522.374608091909 548.320374850082 548.320374850082 197.309322460199 524.17893608046 505.489922429484 135.019790987373 531.419892142369 538.788735246715 562.240555906906 545.772036858419 550.012259878367 545.112159841781 369.538644297906 546.146330036825 524.740526940515 595.371021259124 517.527124472625 528.929614440511 369.212680721188 531.475433673746 0 496.482422247571 534.912061034232 536.84245802401 519.179045192062 534.151230005859 373.679992915712 563.409733205619 542.778823069778 554.050145800242
"49" 403.781174297461 485.556628394153 513.028574469858 513.028574469858 163.034715933051 491.588624931782 472.315471197525 128.860839455691 499.475169841977 503.278312971752 527.22686813131 508.436816818972 511.116468960469 505.762731349366 344.583696115057 506.981589456595 497.127429861562 582.224686975283 482.5305982716 490.937852665651 344.863114708695 492.512131013687 0 461.223188318781 497.105277144759 506.757896048701 483.971752846202 497.539057265014 330.136496935842 530.238573092028 504.346787847822 514.233490281356
"50" 392.678502296396 439.879256027048 470.49315008972 470.49315008972 128.203491212319 461.672491366366 423.999821497316 122.799317915107 457.713681266936 462.046665903761 488.401045213351 464.731725781038 466.675425843451 460.846627826858 307.049432879734 462.801218020767 463.201701648057 587.968067520782 448.191061514643 449.744068501613 307.46323770216 449.610290274007 0 421.905973990627 454.132336497199 467.099249436533 443.345598956045 463.130311691479 302.099909953856 494.760022325919 459.290567762864 467.41152167231
"51" 367.178634781144 394.068821870021 420.745333210105 420.745333210105 94.6736792413807 421.345991686338 375.089050977558 113.416332351707 411.298169508802 412.518463409818 438.362046965918 412.591008560568 414.534708622981 409.648598801142 268.593752265352 411.884566098836 418.352287246174 0 405.315538877699 400.131828068398 269.007266895991 400.448136406802 0 378.958198784793 403.682793475172 422.20162974437 396.632420004204 421.8591464921 278.461657321635 449.011344788706 404.121373377755 414.702781002809
"52" 334.790830189657 348.737146167502 365.70179204088 365.70179204088 64.8972218895289 373.153469599441 320.630109542266 99.6452748293752 360.207902056476 357.1718174014 382.129717910476 355.233962049088 355.436000748593 354.132603554993 231.290993685094 354.527268940959 363.723590517386 0 358.189694322516 344.851937354782 229.694068831085 345.971413915088 0 328.888828303263 348.735033613194 370.068607950872 343.358533177 377.081856686321 253.03249861078 395.12635925027 344.868693530897 356.474841575244
"53" 290.369351138127 293.852647031322 307.975215573945 307.975215573945 40.3758244258613 315.814209248335 263.48536713758 93.1826789599189 302.49400699563 297.905840938399 324.622285293682 294.894627785829 292.984669359645 296.619529293021 185.366710293306 293.531995321575 304.552187005092 0 302.18758810664 287.593065161675 181.623069838783 287.071320049007 0 274.243330279184 289.364144227561 311.51644855528 286.486319171317 323.653313641389 226.136074534745 338.552463106457 286.785865625743 296.017766821653
"54" 252.664515488742 244.88710306734 255.758163486493 255.758163486493 22.2223730447647 275.037503831923 206.061419190529 81.4203525068325 250.344237788171 247.833937033385 282.70964293114 243.485336953163 239.026693558049 243.397532054445 148.047299629665 239.809426921016 250.997960497581 0 256.718232100513 237.218598093123 143.361253999111 236.494876354266 0 224.368587796926 237.652301932953 259.198999141422 235.544190062448 284.146281305692 205.734512147007 295.562631483863 234.870585129627 242.194371079179
"55" 207.087530812337 197.623035140516 204.586986871998 204.586986871998 10.0985007727374 231.275815692682 153.511257511172 68.7424432424397 200.09444063562 198.12232135513 232.882158749203 193.36943338783 188.709378266171 192.991496625047 109.059883728506 189.239219261787 198.236254943649 0 212.587378205419 188.608453946183 104.373838097952 189.108966826579 0 177.954461411552 189.042157786013 206.285958776579 186.063650351365 241.38540974909 183.093903125816 243.992861559505 182.196362250034 190.051125712031
"56" 162.757779624163 154.526227664437 159.626561692554 159.626561692554 6.76501730379002 190.968048070572 108.229913092186 59.7218248484866 156.40857878209 153.464669135651 187.6523604682 149.401238361356 143.701959071472 147.550777025674 77.0416432122479 144.870820562289 149.914199472486 0 170.798501479495 143.701959071472 72.3555975816939 145.657656558612 0 137.064818882977 144.135662911302 156.891582405542 142.12855205654 201.07764212698 158.347611893141 196.617633906628 135.585805608854 143.970991831395
"57" 125.78897154738 122.61610075147 128.51603481045 128.51603481045 1.60687549476947 155.94481241416 80.5022032716819 54.031768785395 126.206677021499 121.988319583964 152.023754305517 117.756732862976 112.292833839801 116.410711228892 49.7867960353841 114.13486228775 116.095169004966 0 137.119499543361 112.292833839801 45.7655027749975 115.956556688074 0 107.66565844724 112.394161494548 123.442753412 111.724969967085 168.065236532914 139.532354477466 161.528584900462 100.930428278021 112.292833839801
"58" 101.748021976598 92.475694338343 100.081594176767 100.081594176767 NA 132.239384195633 51.0904926449066 51.9568052914663 99.6644615811778 95.9843146024848 126.342616756305 90.2103087749821 84.746409751808 86.8374090805825 37.0165412049609 84.5615601394405 86.2526521140781 0 108.689346037718 85.6838207746646 24.4554733077144 89.9525517065943 0 81.4431729104726 84.7124959394472 91.4560918374841 85.1159569019482 145.326354917368 112.569625209153 137.822866803943 78.9095620497561 85.6838207746646
"59" 83.4916739529201 72.7953660657383 79.361444774494 79.361444774494 NA 113.517506785644 31.7284568394754 51.953472374347 78.9443121789049 76.2360312080167 107.251810281932 71.1683521672722 64.464631163629 66.3033109156331 20.1356440849693 63.5606509181087 64.3303634308015 0 87.3869139944459 65.4020421864857 8.91192678168323 68.9644463316571 0 62.0285346340607 63.762042054288 66.9718823874778 64.8341783137692 124.66074549177 92.6395701611695 116.78832831396 61.5085719402625 65.4020421864857
"60" 75.4544264922651 64.1413522666054 69.6646820590717 69.6646820590717 NA 109.8976163349 19.2691028321715 47.0598832824068 70.3201812230581 68.1964089789927 100.385000558365 62.2916403480411 54.4816150116116 53.7419792894031 23.6180052024151 52.3537797882837 52.5556284282601 0 79.9131829252113 55.4190260344682 6.83396564744685 60.3863836425632 0 54.4726217146442 54.8176852945385 54.6126386581136 55.4190260344682 118.400053023438 82.303461291438 110.426680317161 51.6773846212284 55.4190260344682
"61" 54.8910962946685 53.1214749855905 62.0932893337 62.0932893337 NA 97.5012036218936 12.4351371847246 40.2601317607307 62.6815056176942 58.5139369187738 83.4300199757091 51.1667151729 44.6981422563137 43.4076079666458 82.9653381577531 38.7055985757616 42.0194084655265 0 69.3248448618118 47.6120642540301 NA 46.7550431375628 NA 43.4876214230363 42.3217433894054 44.126575954083 42.3217433894054 95.0193711763118 70.7454789514384 96.4238914443452 38.7496614160777 47.6120642540301
"62" 54.9011141614938 47.127969396344 61.0884165268032 61.0884165268032 NA 100.043978754958 8.78320644228594 42.843374416526 62.7491402048671 57.9590066702278 86.8472633826327 50.0106920452639 44.6480814685483 42.4069075539818 141.687532885301 37.6208835960701 41.3342550640178 0 70.6643446589916 48.9667778569286 NA 46.5742466541106 NA 43.306638445389 42.9446284175269 43.5256307355837 42.9446284175269 100.01857844941 67.7004438714492 103.357456651325 42.4726943459348 48.9667778569286
"63" 45.7297462290739 38.5370752437975 53.9069042383683 53.9069042383683 NA 86.2785127573074 8.71588974657278 37.1007518349878 55.5676279164322 50.6597516166775 75.1937362391451 43.0943006985821 39.8436289760293 37.7034242497096 201.306381377843 32.9174002917979 36.6307717597456 0 61.3246947461603 44.1623253644096 NA 41.386930454723 NA 38.2034632362071 38.1401759250079 38.8221474313115 38.1401759250079 86.2531124517596 58.5753293304354 91.7039295078371 37.786041191478 44.1623253644096
"64" 36.5510287053196 27.646372654169 40.3408471370532 40.3408471370532 NA 72.0771606215629 0.201973512506262 57.7202806453933 42.4348382914554 38.5996352128545 61.0596890898259 31.7366665136766 28.5196472843365 25.3067900680528 256.263027091905 21.593418600105 25.3067900680528 0 48.4610292156193 32.8383436727167 NA 29.3604665441126 NA 27.2160200535378 26.816194233315 26.425492518465 26.816194233315 69.9064138737078 42.1614850302749 75.4245359162105 57.6858949205386 32.8383436727167
"65" 26.9078857168305 22.8920593499052 31.9714061213244 31.9714061213244 NA 56.4060023560496 0.201973512506262 42.04912237988 33.0439135153941 29.7425723197653 47.364240154997 24.8889420462621 21.671922816922 19.4132911709901 300.479943584327 15.6999197030424 19.4132911709901 0 38.716998942159 25.0532081824456 NA 20.5034036510234 NA 19.3804409207811 19.0310587430439 20.5319936214023 19.0310587430439 51.1245643215851 33.0227784666414 57.609522845061 39.9717691343602 25.0532081824456
"66" 18.0782018866252 14.1869477996933 49.7557497793039 49.7557497793039 NA 43.1530673880463 NA 31.0078129807757 51.9007645674433 45.2980821761857 36.2220200835475 36.3229756120147 34.110366946442 29.6940143269235 358.025079091699 22.267271391028 29.6940143269235 0 29.7864044396085 40.8729376774893 NA 31.0411746318097 NA 28.8961598436703 28.8286387986859 31.9314192277479 28.8286387986859 37.8716293535817 48.0407073662111 46.4673027736115 31.0411746318097 40.8729376774893
"67" 9.24459314574588 16.1162274585832 34.8227445268651 34.8227445268651 NA 28.2200621356075 NA 16.1757632568041 36.9677593150045 30.3650769237469 23.0641495399901 23.0641495399901 23.0641495399901 20.759450057577 414.550020701425 13.3327071216815 20.759450057577 0 20.851840170262 29.8267202710374 NA 18.3207780449435 NA 16.1757632568041 17.782421392234 22.9968549584014 17.782421392234 22.9386241011429 30.3650769237469 31.6352530496399 18.3207780449435 29.8267202710374
"68" 9.24459314574588 10.0184808340158 18.8844964529957 18.8844964529957 NA 16.3694069714481 NA 14.9057498218942 21.0295112411351 18.5144217595875 15.1665163255503 15.1665163255503 15.1665163255503 13.8963310980639 412.575324896913 13.0972079416982 13.8963310980639 0 12.9542069558223 17.976065106878 NA 17.0507646100336 NA 14.9057498218942 16.5124079573241 15.0992217439616 16.5124079573241 19.8603133913613 18.5144217595875 19.7173124054853 17.0507646100336 17.976065106878
"69" NA NA 0.235485530230789 0.235485530230789 NA NA NA NA 0.235485530230789 NA NA NA NA NA 420.720608485561 NA NA 0 NA NA NA NA NA NA NA NA NA NA NA NA NA NA
"70" NA NA NA NA NA NA NA NA NA NA NA NA NA NA 425.161250111593 NA NA NA NA NA NA NA NA NA NA NA NA NA NA NA NA NA
"71" NA NA NA NA NA NA NA NA NA NA NA NA NA NA 444.889343394132 NA NA NA NA NA NA NA NA NA NA NA NA NA NA NA NA NA
"72" NA NA NA NA NA NA NA NA NA NA NA NA NA NA 486.660668182487 NA NA NA NA NA NA NA NA NA NA NA NA NA NA NA NA NA
"73" NA NA NA NA NA NA NA NA NA NA NA NA NA NA 536.658111757972 NA NA NA NA NA NA NA NA NA NA NA NA NA NA NA NA NA
"74" NA NA NA NA NA NA NA NA NA NA NA NA NA NA 615.357412876241 NA NA NA NA NA NA NA NA NA NA NA NA NA NA NA NA NA
"75" NA NA NA NA NA NA NA NA NA NA NA NA NA NA 647.846553922095 NA NA NA NA NA NA NA NA NA NA NA NA NA NA NA NA NA
"76" NA NA NA NA NA NA NA NA NA NA NA NA NA NA 748.321248310017 NA NA NA NA NA NA NA NA NA NA NA NA NA NA NA NA NA
"77" NA NA NA NA NA NA NA NA NA NA NA NA NA NA 774.970043670732 NA NA NA NA NA NA NA NA NA NA NA NA NA NA NA NA NA
"78" NA NA NA NA NA NA NA NA NA NA NA NA NA NA 844.660081228524 NA NA NA NA NA NA NA NA NA NA NA NA NA NA NA NA NA
"79" NA NA NA NA NA NA NA NA NA NA NA NA NA NA 874.107182304574 NA NA NA NA NA NA NA NA NA NA NA NA NA NA NA NA NA
"80" NA NA NA NA NA NA NA NA NA NA NA NA NA NA 900.179911096197 NA NA NA NA NA NA NA NA NA NA NA NA NA NA NA NA NA
"81" NA NA NA NA NA NA NA NA NA NA NA NA NA NA 957.075173480553 NA NA NA NA NA NA NA NA NA NA NA NA NA NA NA NA NA
"82" NA NA NA NA NA NA NA NA NA NA NA NA NA NA 976.124135694441 NA NA NA NA NA NA NA NA NA NA NA NA NA NA NA NA NA
"83" NA NA NA NA NA NA NA NA NA NA NA NA NA NA 1012.5979017207 NA NA NA NA NA NA NA NA NA NA NA NA NA NA NA NA NA
"84" NA NA NA NA NA NA NA NA NA NA NA NA NA NA 1012.5979017207 NA NA NA NA NA NA NA NA NA NA NA NA NA NA NA NA NA
"85" NA NA NA NA NA NA NA NA NA NA NA NA NA NA 1078.46260859337 NA NA NA NA NA NA NA NA NA NA NA NA NA NA NA NA NA
"86" NA NA NA NA NA NA NA NA NA NA NA NA NA NA 1212.34979196499 NA NA NA NA NA NA NA NA NA NA NA NA NA NA NA NA NA
"87" NA NA NA NA NA NA NA NA NA NA NA NA NA NA 1420.40361345224 NA NA NA NA NA NA NA NA NA NA NA NA NA NA NA NA NA
"88" NA NA NA NA NA NA NA NA NA NA NA NA NA NA 1551.19581488993 NA NA NA NA NA NA NA NA NA NA NA NA NA NA NA NA NA
"89" NA NA NA NA NA NA NA NA NA NA NA NA NA NA 1575.3099345366 NA NA NA NA NA NA NA NA NA NA NA NA NA NA NA NA NA
"90" NA NA NA NA NA NA NA NA NA NA NA NA NA NA 1574.88399913565 NA NA NA NA NA NA NA NA NA NA NA NA NA NA NA NA NA
"91" NA NA NA NA NA NA NA NA NA NA NA NA NA NA 1571.03303873321 NA NA NA NA NA NA NA NA NA NA NA NA NA NA NA NA NA
"92" NA NA NA NA NA NA NA NA NA NA NA NA NA NA 1589.84559187973 NA NA NA NA NA NA NA NA NA NA NA NA NA NA NA NA NA
"93" NA NA NA NA NA NA NA NA NA NA NA NA NA NA 1588.40037629579 NA NA NA NA NA NA NA NA NA NA NA NA NA NA NA NA NA
"94" NA NA NA NA NA NA NA NA NA NA NA NA NA NA 1576.85781520445 NA NA NA NA NA NA NA NA NA NA NA NA NA NA NA NA NA
"95" NA NA NA NA NA NA NA NA NA NA NA NA NA NA 1563.51808461019 NA NA NA NA NA NA NA NA NA NA NA NA NA NA NA NA NA
"96" NA NA NA NA NA NA NA NA NA NA NA NA NA NA 1553.68306583138 NA NA NA NA NA NA NA NA NA NA NA NA NA NA NA NA NA
"97" NA NA NA NA NA NA NA NA NA NA NA NA NA NA 1530.85673372306 NA NA NA NA NA NA NA NA NA NA NA NA NA NA NA NA NA
"98" NA NA NA NA NA NA NA NA NA NA NA NA NA NA 1467.31050832697 NA NA NA NA NA NA NA NA NA NA NA NA NA NA NA NA NA
"99" NA NA NA NA NA NA NA NA NA NA NA NA NA NA 1398.42321206949 NA NA NA NA NA NA NA 0 NA NA NA NA NA NA NA NA NA
"100" NA NA NA NA NA NA NA NA NA NA NA NA NA NA 1318.67088910061 NA NA NA NA NA NA NA 0 NA NA NA NA NA NA NA NA NA
"101" NA NA NA NA NA NA NA NA NA NA NA NA NA NA 1226.22519156379 NA NA NA NA NA NA NA 0 NA NA NA NA NA NA NA NA NA
"102" NA NA NA NA NA NA NA NA NA NA NA NA NA NA 1135.86917606862 NA NA NA NA NA NA NA 0 NA NA NA NA NA NA NA NA NA
"103" NA NA NA NA NA NA NA NA NA NA NA NA NA NA 1057.28628761269 NA NA NA NA NA NA NA 0 NA NA NA NA NA NA NA NA NA
"104" NA NA NA NA NA NA NA NA NA NA NA NA NA NA 1039.77332105275 NA NA NA NA NA NA NA 0 NA NA NA NA NA NA NA NA NA
"105" NA NA NA NA NA NA NA NA NA NA NA NA NA NA 998.665714472031 NA NA NA NA NA NA NA 0 NA NA NA NA NA NA NA NA NA
"106" NA NA NA NA NA NA NA NA NA NA NA NA NA NA 968.036247501437 NA NA NA NA NA NA NA 0 NA NA NA NA NA NA NA NA NA
"107" NA NA NA NA NA NA NA NA NA NA NA NA NA NA 956.326607906231 NA NA NA NA NA NA NA 0 NA NA NA NA NA NA NA NA NA
"108" NA NA NA NA NA NA NA NA NA NA NA NA NA NA 959.604995888709 NA NA NA NA NA NA NA 0 NA NA NA NA NA NA NA NA NA
"109" NA NA NA NA NA NA NA NA NA NA NA NA NA NA 968.33181018637 NA NA NA NA NA NA NA 0 NA NA NA NA NA NA NA NA NA
"110" NA NA 35.0299791658585 35.0299791658585 NA NA NA NA 28.200886693004 48.9947351016516 25.2488494391628 16.2149752342447 16.2149752342447 NA 972.473380789354 NA NA NA NA 26.9637857103341 NA 26.9637857103341 0 NA 16.2149752342447 16.2149752342447 NA NA 26.9637857103341 44.5027548891781 44.5027548891781 20.73185512558
"111" NA 0.30270862604741 37.7007906042719 37.7007906042719 NA 0.30270862604741 NA NA 60.5796253239031 68.3512700227943 44.6053843603055 17.1104146443345 16.5428359704956 0.30270862604741 984.859306175687 0.30270862604741 0.30270862604741 NA 0.30270862604741 47.5873393630588 NA 62.5223267119448 0 8.30767007041224 37.1404811450247 40.6216303445699 0.30270862604741 12.0578936042218 63.8592898103208 66.00347591149 35.8649245965534 23.6552535540085
"112" NA 0.30270862604741 46.1398056818297 46.1398056818297 NA 0.30270862604741 NA NA 75.8169695965424 81.7123427477811 57.8654918002169 23.0042631606149 22.436684486776 0.30270862604741 997.03739158167 0.30270862604741 0.30270862604741 NA 0.30270862604741 59.4760016806951 NA 75.8833994369316 0 9.78008047776281 48.9281781775855 52.4093273771307 0.30270862604741 13.5303040115724 77.2203625353077 81.5100609443305 43.0502873844242 29.5491020702889
"113" 9.64535404296544 14.7707396904956 73.165584659038 73.165584659038 7.80213193527832 14.7707396904956 NA NA 115.366287788422 123.037550732912 99.1906997853481 38.408271552983 39.4349635381543 8.86131195012813 1000.40602302244 13.9711684565674 14.7707396904956 NA 14.7707396904956 80.7109303459672 NA 110.786787932724 0 40.1974535242524 70.1631068428575 75.2433985102591 13.9711684565674 51.8760570829079 118.545570520439 122.835268929462 68.4520047444023 49.3888556622071
"114" 27.5843053280466 37.402581185176 104.76577347577 104.76577347577 22.5283877722108 38.4706762687228 NA NA 163.758089413465 175.516708346961 152.738427320328 59.9035151031223 61.4309442191656 23.9307926022709 972.113231566353 35.6610678303246 38.4706762687228 NA 38.4706762687228 110.970346143239 NA 152.425200958648 0 78.6825173219699 101.322813833355 108.413142705227 36.4600365936077 103.817436893813 171.024728134487 175.31442654351 97.2428988368174 74.580013249317
"115" 39.2019304728338 53.512466885587 121.489528101821 121.489528101821 32.3709811244202 54.6478617527386 NA NA 195.329364848345 206.187779588402 190.846699561768 70.4021662330758 71.3112785872496 31.8006610475631 956.149848412448 51.4008047209089 54.6478617527386 NA 54.6478617527386 125.700000962447 NA 180.017457331608 0 105.60243076391 118.500687533784 129.410279125231 52.199773484192 138.342225883101 203.63923085896 210.074109870387 117.117557243732 89.0283357184087
"116" 66.4961582547753 78.9988514841897 152.477986550195 152.477986550195 51.6602474619968 85.995021694537 NA NA 127.198381876012 131.269063814845 245.961616573192 88.5639051983608 87.5979057856298 51.0361323874537 930.545704970403 82.44525603666 83.5817612591035 NA 85.6923130684896 153.325588780106 NA 113.966983161586 0 85.5200751846123 149.675759316647 158.474799098708 88.0623370978642 205.551949438572 127.383425818976 257.854342695944 148.959732997231 111.456769852535
"117" 91.5355489534911 105.981823920608 188.312752731887 188.312752731887 70.944616911411 119.010669914215 1.87551027978079 NA 163.835705869785 166.649533262497 302.853315342218 107.235579209085 104.090412393475 70.1552367266965 930.545704970403 58.2643734378156 58.7313620602006 NA 116.562448980314 91.079000248587 NA 139.66865120231 0 121.919507318442 91.8532452132792 96.9508369323784 62.8145378259114 274.79730745283 159.416552489632 309.389159638721 185.643937245785 134.734860362679
"118" 118.528500365634 132.545852781772 216.770977643042 216.770977643042 91.1388449005456 149.966943363015 1.87551027978079 NA 187.13268916757 191.856535742788 346.570085840472 127.373568573139 124.943183497663 88.9104564475619 891.313020450049 73.5027037048449 73.5363578516297 NA 147.451408335817 107.712359723608 NA 160.138018626657 0 145.519873680235 108.486604688301 111.410287332027 78.2590175036631 324.500094448711 181.674584267605 350.961744035806 209.241977976119 157.086040685094
"119" 143.644100475711 159.613486133235 254.182775460783 254.182775460783 110.566624014169 182.890676438637 3.61706046253355 NA 218.865333366919 227.611018197344 400.865473638017 148.959221936544 144.067760468373 108.939484982578 891.313020450049 89.2788162138634 89.8298783372341 NA 178.229587633191 124.876837522476 NA 188.442164987458 0 178.531447911043 125.701565129706 128.625247773432 95.2719295502093 389.884822558838 212.80597522295 403.246244459209 247.52470130693 182.289608962019
"120" 158.373382513874 88.6086683671775 278.503247671482 278.503247671482 60.3735070568147 202.17537642787 11.9217761958348 NA 246.638528765622 255.6820876468 428.912935907249 163.370652272716 154.205793712698 121.74186796771 842.793927570198 102.900957493758 103.052648567888 NA 195.134017777372 141.629875605129 NA 210.567468610554 0 202.449894345718 143.157180480576 145.281291890375 110.871306063661 423.056505856665 238.015836437689 433.438472843241 275.096560171987 196.420667335818
"121" 163.273853905542 98.6117551693415 306.768387268425 306.768387268425 64.2795328230845 215.481193203241 30.8809400904396 NA 278.824406995386 285.824287882061 447.896148452907 176.084221090292 164.512884614012 131.608880466424 0 119.504147874953 118.129405008759 NA 206.261046164796 159.306994139372 NA 237.056170095802 0 230.830951448319 162.340443998901 163.510021727078 130.120757751861 445.589309823756 265.178780825884 454.364929086258 305.316534016324 210.565895166516
"122" 176.130376357894 107.361410117205 335.712269796316 335.712269796316 68.9840869960211 234.829368355073 40.3958147577325 NA 304.458071716008 311.840623982638 471.998330914527 193.943278109386 183.259536201863 144.896319769181 0 132.863095961682 131.269939658473 NA 223.464579516878 174.625042914452 NA 257.697956255627 0 256.31420299709 178.125403069326 177.217142237735 144.165596353609 475.55516130693 285.267989795223 478.466572745222 333.194991675912 227.136615415244
"123" 170.905359605642 118.074622311361 355.521458963199 355.521458963199 72.6510706090336 240.681949413394 63.5771056369266 NA 322.675866544094 330.596617036979 476.109348788606 209.481200504567 199.864683460651 153.735669261257 0 145.958306316331 145.85388004673 NA 227.340617604812 188.20132800741 NA 272.952569988431 0 270.366109960014 192.623152211183 192.938377734207 156.358023050135 475.949217574874 301.493739812039 484.385852955957 353.10813260643 239.980665285248
"124" 166.520216847661 132.020373656023 376.947611555016 376.947611555016 80.0541695561038 245.232476092439 94.2254728670965 NA 339.900297100698 350.499447709579 479.389362958443 228.972411339229 220.69800063798 168.051020477792 0 164.007902267401 163.622098178289 NA 233.094769063468 208.161794373912 NA 294.434007618289 0 286.902162020673 212.696848083248 211.607586132021 174.508016557717 476.218523028904 321.121997507576 490.508349130666 377.17015114656 258.965992672976
"125" 161.746577968256 143.464605435809 395.831782480344 395.831782480344 84.9400119884 250.893547771838 121.089200755191 NA 363.391821274369 371.946381740753 482.671233876406 240.159519438155 230.362809046322 175.39282060349 30.7326429878199 178.870068806992 179.788120690334 NA 237.284118426819 223.706927770118 NA 313.255194017434 0 306.691480078309 229.314343816878 229.730695806779 191.308758361434 475.186705335275 334.71856710242 498.48301959188 407.308368425355 274.372997025909
"126" 158.584562405327 158.218381596192 416.839120066378 416.839120066378 93.4662807622242 255.568482483861 154.036666717195 NA 386.314368499256 392.908161415231 483.794289530699 255.607683424398 248.553829150291 186.965447023516 53.4914344124621 201.517288842406 200.761374176276 NA 244.57564168132 243.593011970418 NA 334.307305207361 0 326.532809296647 250.272893962488 250.70606862254 214.258473901322 469.37062546096 358.835606668965 503.256521832282 435.284512378052 294.05529793172
"127" 154.116479225407 169.87197093663 434.679714672872 434.679714672872 103.125051767237 261.048564815958 182.411135560599 NA 402.870803610579 411.863309690974 487.336622932218 273.208480280028 270.625479089719 198.164078411155 70.0794218206469 222.987495554052 219.333909254518 NA 254.782393630093 263.384334264212 NA 354.586596107562 0 346.173455050627 268.760321483867 269.210325317848 235.290481788757 462.534768459432 383.532907716412 506.596807209487 455.593118504573 311.735818284195
"128" 148.040199528301 175.117285430309 448.546868036479 448.546868036479 111.829539843381 266.627755218472 203.974853869065 NA 413.390977688399 428.330889289183 493.768244965422 289.966455668794 287.964461184953 203.598367716456 0 238.670536923376 228.37603397185 NA 264.281451495711 280.576098981887 NA 370.403859271385 0 362.811082434498 283.423997647731 284.81199676205 250.703410777653 462.430735321677 403.934392799515 514.029039054051 474.386025465657 325.191346155917
"129" 139.827362144683 183.527270770541 475.37985727168 475.37985727168 121.495274081864 278.851591050265 237.472853394919 NA 438.246347075222 459.601793926089 511.26574124455 311.781344279375 302.578159316843 207.441546198588 0 261.737734522202 237.960690490177 NA 277.413295603515 308.178842090569 NA 399.649453609074 0 390.429089881877 310.092730888389 311.615488130528 277.282551620232 484.908240212583 443.075851352511 537.247555742247 507.412507085422 346.216692843043
"130" 133.476420039266 182.139871846551 496.008042599029 496.008042599029 126.917860157797 297.67428362187 262.621007476204 NA 461.965781464689 488.809527741553 530.90310272481 329.066235803129 305.757446034094 197.134586732495 0 285.673122193741 236.116303608985 NA 296.08362554867 335.966831178226 NA 425.778584403572 0 419.867747594399 336.712542721179 337.222876317826 307.341675313395 515.65811385873 485.774116251679 565.986670535299 542.670750275023 364.246630821288
"131" 129.617427532634 179.177443224029 521.972577995563 521.972577995563 130.640361843593 315.383581380505 283.772602223158 NA 489.690928947725 520.71210618539 557.809617212552 352.915762024946 311.550577048909 196.170771042276 161.159284809946 308.116797253599 232.165476660695 NA 312.16312101852 363.15368884755 NA 449.957905346277 0 449.53787892368 363.841057360125 361.848704240334 336.126887509395 557.284710828183 536.214725521728 598.234097301445 567.638185087287 381.797936252839
"132" 128.333305442388 173.187372428138 542.492493856113 542.492493856113 131.67607354831 333.77717269472 298.013382988353 NA 515.558942224264 549.937906178545 581.485131302279 370.034893758738 307.071127858264 191.463063141016 167.962609881419 322.776718215833 222.168790626055 NA 325.021764855105 384.905752159287 NA 465.829651966822 0 475.10574364481 383.266721252975 381.41185115847 357.176239711806 598.585280856995 572.644900586636 633.323315651527 588.228180483481 394.172983145028
"133" 132.324745798348 170.189283632423 563.601605109822 563.601605109822 133.521200012657 353.360657352414 310.87905619288 NA 542.347303221388 580.569637044638 600.255584824066 382.96349837579 297.269776321471 188.702609720999 172.7286533643 334.256984231401 212.935709668964 NA 333.633374172751 405.051627227353 NA 477.62461061937 0 496.700903777924 400.869172349098 398.995103665911 375.007966763177 638.414977970655 603.139874435045 668.946011593492 612.009275710821 408.020378091152
"134" 137.878806951612 166.188140423552 572.365751446422 572.365751446422 132.816104608997 363.944770081117 318.835833671101 NA 554.061394174008 595.390744704469 611.087947005591 394.435438846546 290.202585028922 187.795146381706 174.737513699246 342.942342162394 204.239395739638 NA 339.67512185082 417.027578582277 NA 484.329655739696 NA 505.841421384278 413.410971205658 410.383675621358 386.732357455453 657.116259667665 620.611170306461 688.899408662937 622.932204131612 417.89126284524
"135" 146.525161627861 165.017042520782 579.623748517435 579.623748517435 134.160298607909 371.005290699228 323.88654762462 NA 567.223968185152 607.524971125101 615.049383997405 401.948250805924 285.088709659563 193.147924181871 175.942127658285 347.755490526903 202.183585084656 NA 338.135514940436 427.381724640407 NA 487.3174037108 NA 514.177385647555 421.170552604295 418.182280937518 395.43284573807 666.124956445169 634.246530140356 698.748539703751 628.568116199184 423.79980687822
"136" 148.7943255122 171.940739644841 577.56783161518 577.56783161518 136.800080978483 366.491072792318 330.175040429368 NA 566.997765974264 607.930307013572 612.35589371304 403.777552444411 287.516273396501 196.602747463384 177.609935084977 352.530525081977 209.389313100378 NA 342.295620224358 430.510146114686 NA 489.16242396406 NA 512.668676818464 421.624470609567 421.782354369534 396.693059782575 641.598136159008 633.341357172555 693.088539475974 618.503432190497 423.572174986378
"137" 151.739714588149 173.461295310057 572.197198770255 572.197198770255 138.83118844998 365.158565813179 334.568910382331 NA 560.822536091945 605.182626882562 604.753207423516 401.426773821782 289.413170122765 197.525048357546 181.741549653059 354.601728056411 214.64265076342 NA 344.545499944744 432.483909559233 NA 492.532032745497 NA 506.277776080235 421.114194362277 423.108054123355 394.219927973656 616.397253491891 626.922163453916 681.197063455016 609.423497278645 420.956414158463
"138" 154.200388302723 172.824394108077 563.752555412658 563.752555412658 140.545033473341 364.387149032136 336.598824260501 NA 551.892571742269 596.97818485264 597.805497730238 397.912863229661 289.332535653448 195.679624895484 182.392970405164 354.538538022217 215.854443802631 NA 343.99044739894 431.251020437351 NA 494.663189685347 NA 495.587527781263 420.215452767603 422.287711335584 390.466171080431 592.286035912858 616.194337591618 664.945235980343 601.842364369992 415.994382300385
"139" 153.698819128453 172.515651332374 555.020413656718 555.020413656718 141.278761991584 358.739179542857 339.942881259212 NA 542.415168877211 584.628644008473 588.943670921088 392.592025468861 289.500097053814 191.179169940427 182.886525201017 354.593826303706 218.522779886772 NA 345.644882671926 429.79259118945 NA 499.227990429501 NA 484.033947942577 417.822039120666 421.125731328132 385.793490791091 563.150924490715 603.745474258134 646.186598384748 588.957071342065 408.816876514597
"140" 155.666106181449 172.426383245832 551.419747771504 551.419747771504 143.103928241673 359.617289994679 343.094600492329 NA 542.057352369577 579.53631735443 582.563509079707 385.011272357412 284.737907248186 187.231348905699 180.857111389522 355.020670052764 220.13283459249 NA 346.727679586075 430.523273101819 NA 502.445632513614 NA 477.434892581877 417.88838782951 421.250985561726 385.47399846535 543.483278669989 598.251307779833 631.903003436962 583.160114094121 404.619334856681
"141" 156.453474456418 172.836290245211 554.194517101848 554.194517101848 144.025856180357 359.257613273806 346.466639635933 NA 545.917550979092 583.415576194915 583.163651053891 384.452455196476 285.448594491329 187.403024738638 180.068486463346 356.504775761238 222.067629978111 1.74141555456919 349.286193128469 432.637659957615 NA 506.507840251078 NA 479.745560250074 418.825479000492 422.780835138261 386.38910835674 541.228437266797 601.48538108618 632.28570626706 583.293841788462 406.547225820479
"142" 154.508755583673 174.045521006354 544.813813237848 544.813813237848 144.294979150294 355.798668216914 345.085944503508 NA 538.437778720973 574.89153637863 580.99108642658 377.492983669155 281.479381922815 184.937648955652 176.393166976033 353.439173842927 222.755374797793 5.69344483907703 345.49710643554 428.685321657992 NA 503.605142835259 NA 470.627730308764 416.575700796825 420.531056934594 381.601973198914 522.526825519272 593.209572633069 622.590779790022 575.744702796141 403.010122067311
"143" 159.70727292316 170.29640759937 542.270675019132 542.270675019132 146.13954014411 358.955166728399 342.160807905666 NA 538.792739324772 573.673148189067 579.894191406093 372.05731396776 276.242167042759 186.837958555243 169.834368412785 345.162601173258 218.791519613265 11.2777080948447 334.659555249578 427.381680834181 NA 500.159724722293 NA 467.760744214208 413.513354304193 417.04731714608 376.259640814107 526.51742361299 592.992981791516 622.595958583105 580.194935734916 401.570986122957
"144" 165.488551584468 173.975244737461 542.724494385614 542.724494385614 149.932811713781 358.252677600954 337.10291983227 NA 539.309847013139 571.9957217335 573.363371994982 365.81937937644 276.199782100959 191.247413032689 161.625890769617 337.415238579832 218.836480885011 17.198944741192 326.16017667013 422.744145027781 NA 492.001591324097 NA 464.910949791005 406.849381954791 410.954914715973 369.743892315006 527.179911717201 592.719958129553 621.185940029257 583.813712741283 399.496283075291
"145" 169.077285065253 180.015791890235 543.193856349504 543.193856349504 155.017960314287 353.737796383686 330.698773275477 NA 539.054928358307 570.967413684092 561.687231058545 359.241936991967 281.183833137982 199.072376564901 155.529498166709 331.316118766518 224.78583089553 24.198392772304 321.249024930037 416.689498900863 NA 481.864262491857 NA 461.810213851252 400.559166339549 404.912919559249 363.38491289859 521.837068215864 591.911180867357 616.905859171835 582.133875869125 397.576612040079
"146" 173.769659304533 185.669785920723 540.513448477979 540.513448477979 161.321892162442 349.11038298792 322.781380179766 NA 534.816376917513 568.101533322355 548.186451193174 353.981297695671 285.893852697037 209.90147213237 148.545451101815 324.071764527244 230.059453346661 29.4893270074637 314.03898487707 404.848733569297 NA 466.328677231591 NA 455.270969561013 394.244877150955 397.542742581752 355.13750305259 511.278032090929 587.574506574577 610.978017351146 577.930265387296 392.890107929217
"147" 174.338950178046 190.918206032619 536.416187075603 536.416187075603 164.95963359683 345.563066123706 316.228559059991 NA 532.078029171422 567.441801061288 546.183328910638 348.254608918092 289.454995523002 215.983231162099 143.682652494121 317.448394428451 233.928635148947 29.8594329023156 304.704786861969 401.090416215365 NA 461.211089388969 NA 452.711109263052 388.89230247906 392.139677460071 346.971116944739 505.953439176025 585.105953200307 612.860544653237 571.452349597553 388.19383326498
"148" 177.439678311798 196.088419656754 529.659956522807 529.659956522807 169.06551722961 340.467209728379 306.020992010348 NA 526.491250114325 561.043203108452 537.777316070184 339.563398014952 290.319420695485 222.259046552474 136.626673125648 308.294460819012 235.635065805532 28.1180173477464 294.141311366327 389.976556809042 NA 446.990548515435 NA 443.433210665796 381.787237293849 383.961482764705 338.154786497928 492.291381661957 577.415318249643 609.576209867169 562.51753810805 379.342930342506
"149" 180.090330179214 200.597002535384 532.757678829607 532.757678829607 172.887834927287 338.823007185947 304.184985659015 NA 528.382088701599 565.736390697023 534.986507995837 336.04093227208 295.599417791394 226.743137165873 132.405241030214 306.052322953158 239.094088150268 24.1659880632386 293.359759965692 388.736081744693 NA 447.16632300049 NA 443.242221076523 377.732464820076 379.906710290932 334.43831410214 478.359522360457 577.675437777239 608.629953652936 559.457674232352 375.435046418108
"150" 184.131550266022 205.937258431439 535.854327815421 535.854327815421 178.560324846492 332.665281985641 301.195574290484 NA 529.553180970508 565.283240302246 525.05699454186 332.164872975949 299.655374284926 232.335297868427 128.381672821781 304.359760938305 244.972779889554 18.5817248074709 293.1557597391 381.336138638629 NA 439.497391094073 NA 437.950984064456 375.140644252804 376.66311200932 331.791374383661 459.513238396323 574.210640844663 604.925956599808 548.024015073988 370.096348256138
"151" 194.532579807581 218.245450057889 554.125429569941 554.125429569941 182.043176944195 356.126558527217 309.818886694728 NA 544.285788864349 585.136101708308 557.337250274682 345.327238813867 309.775282570747 243.340272257179 128.3636801727 320.47914863297 256.091998233394 11.0779271409832 306.472745033132 396.608209093599 NA 460.565752431047 NA 455.128249215301 389.195103750419 388.60740056614 346.495925924194 465.09297740629 588.333774073917 625.175656889202 558.593643715703 381.339297775366
"152" 213.84440808946 241.272540460136 576.566832278484 576.566832278484 192.868660550498 376.908127668848 338.218928387409 NA 565.835819744126 608.977691904163 585.408187434266 365.311716138174 326.005959242343 263.150526577105 126.836473958209 342.082982569559 275.843617926102 4.9534101137602 322.972542021735 416.945018593173 NA 486.119559960498 NA 478.016481491045 409.310669885828 409.794912889717 368.682673604432 476.016295111492 610.695999485313 643.494025602678 577.038056512815 393.770037094955
"153" 216.803363948874 245.23094909766 581.818253683018 581.818253683018 193.256915344954 384.202018630031 343.880072216127 NA 571.96580600063 615.481115087081 601.130596094962 368.822564850394 326.917791742572 263.427027117981 124.46215753503 346.382138443064 276.573829942965 0.370105894851912 325.942836699862 425.169722597398 NA 497.221856961041 NA 485.468947030026 414.501086896781 415.054507472654 374.854239567463 480.729292006277 616.237098437021 652.036956466207 581.054233688279 397.341023478044
"154" 244.478722326803 272.889059184114 612.257408218831 612.257408218831 211.717300459342 408.037427474627 373.40056285338 NA 597.823101099002 643.653496563362 625.62839643605 392.884399979518 350.811105367051 290.400065688096 121.100202852955 372.924816181318 304.119059696589 NA 349.398154481273 446.40658299821 NA 520.707212512322 NA 510.707702692821 436.292198690604 438.220930175759 398.481265016 496.113252650543 644.106296410353 669.200034935484 609.161975214272 413.017650579522
"155" 253.936648555341 286.000924297591 636.940018938338 636.940018938338 221.240900187307 426.308996675168 401.203672423073 NA 622.126401249829 667.490302648943 653.412277088947 414.273934145632 366.095632638333 305.325848183998 121.100202852955 392.556124403107 315.905178022618 NA 364.063603494005 467.104684282222 NA 547.543258282027 NA 533.571956908108 457.138550709149 461.204891118495 420.990208351168 520.438495162583 666.08540011497 691.537460775952 633.215304375854 426.245414485025
"156" 272.578594790822 307.441660391551 670.216560127829 670.216560127829 235.809722041026 452.370650054994 433.921096613314 NA 653.735104278005 699.873610372143 686.226443029643 438.186081889442 385.932761246638 326.516917347227 118.677863615943 416.723252242028 335.517772080518 NA 382.393391491049 494.34431635389 NA 582.641005345793 NA 567.729315783815 479.966244977886 487.124894898484 446.745788149281 550.112307676829 696.839216663275 715.829312840477 667.798053606507 444.046386376722
"157" 308.305275461968 345.501693175415 714.264544676444 714.264544676444 261.554542201647 496.334764963788 480.403623550734 NA 696.033536930941 745.45836512615 735.673885069782 479.80224873926 423.658762695278 370.930291962245 0 460.576261929851 377.178130126157 NA 420.91766938264 534.151576497458 NA 628.693582821657 NA 614.584726501972 518.352956545646 530.838925202621 488.999100778194 611.902733907598 743.432207728086 757.555934913816 716.842909560665 471.893325790585
"158" 329.947428368217 368.829755914784 739.616668464637 739.616668464637 281.412945924802 515.338352366705 512.197664177511 NA 721.514284510467 770.582532708417 756.308472456727 499.69529773832 444.970764570605 397.867770515753 0 482.306362790517 401.793298011928 NA 440.588710394062 555.853884260751 NA 650.414925075942 NA 642.150026661558 537.240203616128 553.113578388385 509.556780311797 650.993028561916 767.097231304232 772.530204554783 739.621240704646 486.002563335733
"159" 334.828682829464 379.360583378431 758.641987304567 758.641987304567 296.317544405589 517.110584704438 529.822446721806 NA 740.399917415223 790.445305753812 756.320224451005 503.967019580935 451.978936095356 410.833039604761 0 483.168702806192 415.297821719551 0.0589271686289663 442.01169831572 564.982454732326 NA 661.15011588665 NA 659.615912652101 543.515753840074 557.963598668178 511.832965384157 684.400948392865 777.231218787537 770.862064748505 741.196374478813 489.567935629517
"160" 334.03990006274 378.590399410641 763.694350661988 763.694350661988 300.594571072547 519.044653044398 530.822997893866 NA 745.005454911761 795.731734798488 760.944371752212 505.111063833259 453.713157279139 413.073534435405 0 482.667010895821 416.366586616125 0.0673453355759614 442.59482959854 567.924055357914 NA 665.06525570405 NA 664.448162212346 544.514280490269 559.350937093936 511.167233226588 699.256774972835 779.556646348308 775.619096450459 743.087395161974 490.085593375448
"161" 327.35060185507 372.235994698102 764.108763937533 764.108763937533 297.769441160766 516.309035809503 523.199512882769 NA 746.278962931948 796.157915549881 754.582138875426 497.489105495728 443.274586368311 404.69194720463 0 474.728532850564 409.99835508529 5.46005314786513 436.241796654682 561.592996781723 NA 660.009351813587 NA 665.764593832739 538.137235933542 553.247939618087 505.126416477377 719.35372236649 778.429243867262 772.167737571565 735.951294494948 486.533296212929
"162" 329.214168430772 366.971984790165 750.954688735051 750.954688735051 298.457313597074 505.334389525619 498.369401917102 NA 734.804040499278 784.471178808391 725.846602957474 479.856527238352 430.596842705489 396.71353894947 0 461.990398756649 406.510922789333 6.37006200584266 428.555638733651 544.980973293709 NA 639.025963208065 NA 655.240961509894 520.84334572473 532.59167784531 485.166495340696 723.865586600737 769.204546220961 754.165779656188 720.876371494826 475.920706332987
"163" 325.426972967763 361.869362188356 747.741524183385 747.741524183385 300.06790844955 497.597710999344 482.967869502287 NA 728.104559885309 782.923844369776 718.880087391114 469.762550065154 420.550712102372 390.97297196882 0 455.033097474792 404.149388875769 7.64407440701119 423.859212525014 537.224169407819 NA 627.694397706691 NA 647.281488329001 514.365603847959 524.794336949279 474.873299226482 734.232478374438 760.921840789593 746.644852530539 711.558455618182 473.299978902326
"164" 318.699218985767 356.953494034853 750.524411913918 750.524411913918 299.875497414124 494.037868291093 477.513842561226 NA 730.528496346245 785.518020253928 707.590761356644 459.021551162966 410.240762974526 382.275941729319 0 447.262458063237 395.114251479787 9.55509300876399 415.572989062212 530.457033472952 NA 623.74791934123 NA 648.097381624231 509.240799737578 516.131089280922 464.854823929969 737.094391249351 753.039403246205 740.251024874771 707.285522573158 475.846612525143
"165" 315.509302528705 351.572946585466 744.28681584838 744.28681584838 296.638671749298 489.61085743851 467.606536559433 NA 727.612390304142 779.982719366095 677.867862219977 451.327199980536 402.965906244161 378.390529830309 0 439.740165132605 389.173023233901 12.7401240116853 410.173375416737 516.97058635156 NA 612.895135438888 NA 640.803982001055 503.14266245555 508.972725433888 455.033478990265 735.221844140151 744.25029505357 736.031130398767 701.724795385961 475.314267049523
"166" 313.350588541976 351.204591535492 753.888437665304 753.888437665304 296.043264195127 490.586980593736 460.042464781571 NA 736.126759291922 792.407317247353 674.268540621312 451.283696102645 402.14950709822 378.188306282403 0 440.803736712596 387.913211278676 19.110186017528 408.526843950407 511.413020206852 NA 613.983081660996 NA 646.403102426432 499.145844320219 509.806368833196 451.867582102372 737.721307148958 757.855398658701 740.173128597176 710.038734660868 479.560957190753
"167" 321.375109325852 353.469528392316 743.398779152371 743.398779152371 305.585102049446 492.391520070802 455.27575164773 NA 728.773346254292 782.491476630507 652.068026359617 457.010251133202 409.591664248082 389.946298172971 0 449.531193118996 389.569822461092 37.7489546860242 415.521710269472 509.844291417527 NA 604.834615292485 NA 636.519032398991 499.134187339744 512.763469078747 449.697797786631 733.297385267153 748.215817556844 742.594519350257 709.109112272318 484.572180372249
"168" 339.154403821639 366.397031812629 742.328614400056 742.328614400056 322.096467651074 505.224388136023 455.634928730249 NA 727.012275646297 780.296058757669 645.980260687307 471.749556781902 427.833801801183 415.117499694832 0 461.756823157561 403.419533532627 0 434.988043743089 517.359850000948 NA 608.279163169519 2.74495942942267 635.292028221521 506.530318332898 523.03659147519 457.187834267481 733.848749081353 743.224907358326 748.441000762748 709.208548912714 500.229229276265
"169" 366.521193175253 387.438510265141 748.472188566874 748.472188566874 350.967787537795 519.490987782182 465.774996916652 NA 734.612029860987 787.164920671679 646.700064346321 488.53834124562 449.371068597689 445.083876947614 0 478.507721961257 426.204205821206 0 452.302971809631 528.289179853601 NA 614.71123474614 6.7600368328741 639.767038622188 512.975655338388 538.941538272055 463.551578808829 743.152792004286 747.147661398785 760.143997280623 717.169789903695 518.933999011609
"170" 407.753071340093 417.374557755976 750.667834399342 750.667834399342 388.676111510113 543.562489340949 474.852738918776 NA 739.574738735208 788.469018900432 645.249295343707 512.953164273147 478.611207737081 480.816620253269 0 501.601224227722 455.23630199357 0 482.344998765264 538.136930189374 NA 619.896339396114 17.0444513192184 643.838155366996 518.56808556319 553.786765668947 469.522416923071 752.844857124515 747.716041232168 768.800328506169 718.385960354494 535.820231486774
"171" 452.324732570945 458.531468997693 761.350319155982 761.350319155982 434.410799059629 570.470561398441 495.183677210113 NA 750.636900674588 791.749986458733 670.604753447042 551.530060209291 521.898622485243 519.810985059008 0 533.105951162418 494.455005649014 0 520.618353235798 564.276309661356 NA 638.926529581935 57.5235021225684 651.982409593655 537.938448575795 582.89955007174 486.439089908203 750.042246789532 752.326012486994 782.091599523522 724.712422576008 563.588610046213
"172" 480.492775817038 493.004484931591 763.632517343128 763.632517343128 470.401660979612 585.107290046806 506.406266760519 NA 750.081571943373 786.638436903318 698.170167531292 579.514137497805 554.358458413106 546.083959835564 0 554.1829666645 520.58902659185 0 545.602804445891 581.780403317579 NA 649.64308917541 109.715127879961 648.515750685997 552.134026886016 601.511383891542 495.462797184464 734.048899534204 743.559895500782 782.504615433403 722.158820055205 581.429485653419
"173" 496.849538840818 504.978315277223 741.425768758782 741.425768758782 490.681676453526 582.917787602467 509.257347167292 NA 725.559437616167 754.532989761888 690.968908319175 585.965544000227 566.461443980678 558.092155239159 0 557.267757916777 532.821163527395 0 550.690550874162 582.041788094988 NA 644.016308301047 165.703029852917 631.37607748198 557.472823853652 600.871346637773 490.138558692204 709.865970630858 707.872870329213 759.852227829664 701.150515563304 583.501455801968
"174" 501.615719061486 512.915318617797 724.760085569158 724.760085569158 499.386497239244 572.380919043767 510.478760849592 NA 707.90892235735 731.705255483939 687.393846503479 584.304911964904 569.087482573822 558.883130444962 0 552.75696806393 537.448840992447 0 544.137873202613 578.165656865894 NA 639.268192808903 208.813215227588 619.377354585394 556.481004643719 595.963609788106 472.035495476649 682.055809164271 678.434522905461 736.285159681071 680.522590357081 580.413033148703
"175" 487.417535542525 511.087816150693 702.854699102451 702.854699102451 492.509422589445 555.714085537725 507.607920878072 NA 690.833946818062 705.639643414025 673.464811246415 576.078718904087 563.37438979688 547.055098510437 0 542.234090018474 531.57941616994 0 528.517424194936 573.052559798295 NA 627.956766311325 240.714458953529 600.293729522333 550.430241933711 586.701125665867 440.924170446181 647.85608403321 644.517577423687 712.164865453035 661.711936528921 571.852101556348
"176" 454.93538649114 499.971187440557 673.061341175387 673.061341175387 470.585157388535 537.381880979818 497.069425172204 NA 658.792559881454 670.573147523237 659.768357143874 566.842092439639 556.213499915253 528.500838919108 0 525.123855550171 515.937797374758 0 511.993182692842 564.379961950749 NA 610.860479481379 260.471222274661 569.56796275592 544.375955579077 572.668885473665 410.233814544422 599.431814976532 599.184525181083 681.65253007521 629.469198704224 561.305737134042
"177" 411.549854076272 475.460029476929 634.235057687524 634.235057687524 436.662447958071 508.118296314688 477.834597429203 NA 613.946991270465 619.625147135142 627.024000966904 546.365296523638 539.306726915693 502.773638799712 0 496.713718901328 490.7631062212 0 483.999282311116 541.105789316413 NA 577.727249112641 253.537691843516 530.673686307964 527.103993645315 548.169686554357 378.587175814277 544.271174997776 548.00354913524 636.873116598743 595.682285214054 543.616540058664
"178" 366.399991214562 436.787893333006 591.078789835486 591.078789835486 393.336772205126 472.951763465629 444.72915991844 NA 560.457357462699 571.502888598276 583.019524122995 514.975313105924 509.988256633705 469.080696100703 0 462.316858682835 455.628109905568 0 447.14923409161 504.369190341789 NA 533.72695776351 213.723624789509 487.725972383802 498.35704081009 511.330628430442 343.066883141621 511.958335940985 497.117065481043 589.080789377968 560.674839225745 512.093733047332
"179" 335.729320940131 401.543003438457 572.012841753395 572.012841753395 357.068993541586 462.116505727582 423.113169521159 NA 537.989500661514 552.654357251899 568.841824257628 500.161238215545 495.906430091999 448.601215797753 0 451.642133002182 441.63903496905 0 435.414917694385 491.367730611155 NA 515.563332076304 161.531999032116 478.359884334157 491.545976238753 498.516300346051 333.787620887388 510.738214284444 479.013690007223 571.890481306448 552.016693935938 504.824533941536
"180" 319.449211827887 380.402283652451 558.612271561183 558.612271561183 333.501573427382 452.445444574176 401.895922384884 NA 520.366212719525 535.207800730139 573.820555143206 495.960068559558 491.878268566162 432.079444906503 0 438.890968247961 423.634975461998 0 423.857783835535 483.487239680791 NA 496.19440298153 105.54409705916 465.145796693444 484.919228521528 492.90015546947 327.792335768105 516.583135171127 465.913855817059 578.914470787851 549.624975171658 505.257867487823
"181" 305.962272395567 362.407951469056 550.508491304003 550.508491304003 316.972221344679 449.050856247863 379.982763467833 NA 508.084722751981 524.147977468139 577.133059666367 492.993916836977 488.074738298071 418.802944547094 0 433.348376707412 408.750111436582 0 425.902580922554 478.049293142298 NA 483.32871804658 62.4339116844891 459.159611238937 480.614109051728 490.918259640532 337.972645025438 522.203640954914 462.286519414509 585.712366372451 551.059736788159 507.47118484139
"182" 302.16838101707 346.135944635467 529.835009571125 529.835009571125 304.582235501874 424.999612642657 363.778208697959 NA 484.893778229375 501.411673738947 552.205324508318 483.547463220707 473.970638807703 404.195943851359 0 429.597685786607 396.953828486776 0 414.445878095134 465.275712730573 NA 465.78982082306 27.7877085291255 445.835152562633 470.033207602404 483.252913962684 346.211340590268 503.476471277694 448.791656463954 560.930892421849 532.216621401989 497.223132007898
"183" 302.523844720102 332.339006491738 521.275006075713 521.275006075713 286.382205085371 406.079560690312 348.385236724441 NA 476.033907042281 490.674400772329 529.898280919793 481.176276789774 462.390326019392 392.952928707411 0 431.949872012711 392.902301412903 NA 410.201635141979 458.575701659944 NA 459.561518999436 4.01586780454225 447.65295007375 468.465936055053 486.729673849116 363.617331037372 491.721398305795 448.303400499172 539.683943663307 526.165939113826 495.218401468453
"184" 309.022687074716 321.993310374151 508.370899152443 508.370899152443 266.520288199628 375.603842891422 329.553537359915 NA 468.456446071016 482.242655808057 506.895724542403 475.261891867078 445.099369629662 376.882634244727 0 431.605177435341 384.804035250194 NA 397.824496136738 454.505094690052 NA 454.800442521791 0.664983749342549 442.167370315881 465.385076192391 481.745877877552 370.533555189025 480.54785057967 445.148425313981 522.169765824055 513.036731654594 487.273406553175
"185" 309.883656243243 314.025227831503 507.861756820576 507.861756820576 249.703819319662 352.766999377501 314.781216303879 NA 477.60542120115 483.443509097718 489.463276619433 476.073577763467 436.146152235867 369.16466158922 0 440.343859043273 382.464221843015 NA 393.597609899033 463.308615403132 NA 463.524295463453 NA 448.538853614802 474.024909071483 486.967157536622 380.734334497058 463.753909116643 453.732184204942 506.117449664327 514.81443447456 494.956533480488
"186" 312.60959293073 309.150358951345 488.40140498888 488.40140498888 235.893565558206 309.928053404382 293.607648816697 NA 462.215716986706 462.960548138726 450.19959218723 467.255783199029 417.07350379069 358.061252835025 0 433.652339526165 369.421926436775 NA 370.459211275738 454.87490563019 NA 452.627184755875 NA 427.862867356755 462.848634317001 473.357964714201 368.08273638856 429.892491347158 436.859977727199 467.929963649829 493.015153555014 483.137228885537
"187" 314.667103572724 307.868913151591 464.712176276215 464.712176276215 219.463685437455 282.29771327508 269.303376910002 NA 444.458310953789 443.081808685929 407.425564230679 451.311694571752 394.156793220947 346.946511373691 0 429.923908618349 364.151009699223 NA 361.471604023438 445.144796822251 NA 441.204824436233 NA 404.652877803886 449.68424845444 456.849765328598 356.152319823956 393.28064930262 413.266689006994 424.962242938489 466.063546656029 465.324860626029
