"2016-05-17" "2016-05-31" "2016-08-31" "2016-09-01" "2017-05-31" "2017-06-14" "2017-06-27" "2017-07-12" "2017-07-30" "2017-08-06" "2017-08-26" "2017-09-02" "2017-09-08" "2017-09-15" "2018-05-21" "2018-05-28" "2018-06-02" "2018-06-04" "2018-06-09" "2018-06-21" "2018-06-26" "2018-06-27" "2018-06-30" "2018-07-07" "2018-07-20" "2018-07-23" "2018-07-24" "2018-08-10" "2018-08-18" "2018-09-08" "2018-09-09" "2018-09-13"
"1" 306.495545522322 0 0 0 0 361.36594803226 360.832882602835 0 0 0 380.976581734696 0 0 0 363.284265245283 0 0 333.34701043286 370.598280599571 0 379.139221463761 0 0 0 0 0 0 543.221155308833 0 370.774973263662 0 0
"2" 302.757537987546 0 0 0 0 353.40012941653 351.465802553289 0 0 0 377.718680855996 0 0 0 353.426908667248 0 0 333.34701043286 363.976639472298 0 367.653482687165 0 0 0 0 0 0 533.204322048105 0 369.557394079168 0 0
"3" 298.327306608877 0 0 0 0 343.189158264264 344.953359776672 0 0 0 372.748818713307 0 0 0 346.587614871637 0 0 333.34701043286 357.155456750704 0 358.443093221568 0 0 0 0 0 0 525.697996914351 0 364.30874792727 0 0
"4" 290.17225997561 0 0 0 0 325.668876280653 329.334433775458 0 0 0 355.728214955985 0 0 0 331.361324056657 0 0 333.34701043286 343.070288376676 0 338.917447117328 0 0 0 0 0 0 507.838659121325 0 349.752460579922 0 0
"5" 283.120806733982 0 0 0 0 308.85914575418 316.245838290923 0 0 0 341.226020001059 0 0 0 317.183165930324 0 0 314.033109361257 328.13506478765 0 321.922131529769 0 0 0 0 0 0 491.71610147999 0 337.084310826239 0 0
"6" 280.565113122868 0 0 0 0 304.401201103626 308.996070675976 0 0 0 334.288960847227 0 0 0 311.94542145084 0 0 314.033109361257 320.923417418029 0 315.738099154115 0 0 0 0 0 0 480.017722406553 0 332.850006346518 0 0
"7" 267.355160342573 0 0 0 0 283.850768919517 292.943379643732 0 0 0 314.125232239366 0 0 0 310.876927595144 0 0 275.405307218053 298.532098238635 0 292.619695246643 0 0 0 0 0 0 447.029081802331 0 313.182458029437 0 0
"8" 263.99323929318 0 0 0 0 280.142175409633 287.775637178369 0 0 0 306.226265560453 0 0 0 322.148488977576 0 0 275.405307218053 292.860722131254 0 279.588022942977 0 0 0 0 0 0 442.21007752991 0 306.620715456755 0 0
"9" 256.400575774343 0 0 0 0 268.100882522359 276.355825142102 0 0 0 289.290889508854 0 0 0 329.117748670166 0 0 275.405307218053 279.810632133654 0 263.312788497061 0 0 0 0 0 0 421.023473830702 0 291.729491323479 0 0
"10" 248.897200171286 0 0 0 0 256.874798517596 258.571210951325 0 0 0 269.337842562359 0 0 0 342.859486921496 0 0 275.405307218053 264.568589939694 0 241.322526318899 0 0 0 0 0 0 387.603335715702 0 277.492315746033 0 0
"11" 249.068356852981 0 0 0 0 255.906298292675 257.698877516515 0 0 0 267.825254280823 0 0 0 341.898016450629 0 0 275.405307218053 261.592640224898 0 242.914290688722 0 0 0 0 0 0 379.80975637373 0 274.04944517683 0 0
"12" 249.582029488066 0 0 0 0 255.094147970325 250.616006126782 0 0 0 262.417048880362 0 0 0 331.82013676612 0 0 0 257.346747896498 0 237.679492652463 0 0 0 0 0 0 358.671419963361 0 268.187171250304 0 0
"13" 247.397320533443 0 0 0 0 253.057085980306 250.230815030571 0 0 0 258.503352799851 0 0 0 331.081734628526 0 0 0 255.309685906478 0 235.652246567014 0 0 0 0 0 0 340.524853702213 0 264.303420334235 0 0
"14" 248.613520724371 0 0 0 0 253.721665747625 250.253126522738 0 0 0 258.608770699261 0 0 0 320.083949468107 0 0 0 254.715695343861 0 238.523506999445 0 0 0 0 0 0 327.970967698165 0 264.880178715831 0 0
"15" 252.972363498353 0 0 0 0 255.35012376649 249.073414294715 0 0 0 261.996784310226 0 0 0 304.155222181815 0 0 0 256.226421970646 0 244.265193929573 0 0 0 0 0 0 312.051033008078 0 267.215968010085 0 0
"16" 259.658599122966 0 0 0 0 261.013177857087 254.713655538892 0 0 0 269.74314345507 0 0 0 294.345821445766 0 0 0 259.430921733523 0 253.307646629218 0 0 0 0 0 0 307.46097738658 0 273.173694226396 0 0
"17" 271.065505415327 0 0 0 0 269.202805224124 263.399763908654 0 0 0 281.180151468938 0 0 0 285.982405924955 0 0 0 263.866482932786 0 265.366058114145 0 0 0 0 0 0 309.168549554136 0 283.734905821421 0 0
"18" 293.982424854721 0 0 0 0 287.350694190077 276.515539409377 0 0 0 302.486191652448 0 0 0 290.369121249962 0 0 0 281.346859550096 0 282.086939627047 0 0 0 0 0 0 323.061080395747 0 305.828206258642 0 0
"19" 318.410975514229 0 0 0 0 307.443750388432 292.48966801233 0 0 0 324.861087040884 0 0 0 304.211051879999 0 0 0 302.756984809889 0 301.580741374443 0 0 0 0 0 0 335.915542502865 0 330.080098400208 0 0
"20" 352.998092517923 0 0 0 0 338.28466903286 315.853906482904 0 0 0 355.702005685311 0 0 0 330.504790298086 0 0 0 333.597903454316 0 327.93403074589 0 0 0 0 0 0 360.4464811745 0 361.708409355556 0 0
"21" 397.029283572535 0 0 0 0 374.895960357559 344.473036652189 0 0 0 392.666620873936 0 0 0 360.294581471894 0 0 0 370.209194779015 0 356.788801235314 0 0 0 0 0 0 396.99886128855 0 396.795882686744 0 0
"22" 417.668793434222 0 0 0 0 390.85905835347 356.849845768248 0 0 0 410.369060701299 0 0 0 374.300322005035 0 0 0 385.502754835134 0 370.92500529182 0 0 0 0 0 0 415.320192603715 0 413.918679901238 0 0
"23" 491.295286666354 0 0 0 0 462.283426476417 410.460152902694 0 0 0 480.984817789325 0 0 0 435.819362735616 0 0 0 455.960211778985 0 427.316373085543 0 0 0 0 0 0 485.935949691742 0 484.534436989265 0 0
"24" 570.695814039944 0 0 0 0 543.384349223402 473.441567704505 0 0 0 560.582257050922 0 0 0 506.061904243745 0 0 0 535.282314490251 0 494.441415812735 0 0 0 0 0 0 565.769211639983 0 564.367698937506 0 0
"25" 652.257684949395 0 0 0 0 634.526186037732 544.494849439717 0 0 0 648.545851593353 0 0 0 582.840981743867 0 0 0 625.049754092123 0 567.19938420426 0 0 0 0 0 0 655.880144705452 0 654.478632002976 0 0
"26" 727.409462991798 0 0 0 0 722.77829830012 618.356676779138 0 0 0 735.361637873957 0 0 0 657.844508666484 0 0 0 715.275379739394 0 637.910097809823 0 0 0 0 0 0 742.460639085359 0 743.066255210798 0 0
"27" 800.217148767118 0 0 0 0 813.854333731025 698.237380589988 0 0 0 829.825563081366 0 0 0 734.467480622504 0 0 0 809.677684647163 0 713.768318027022 0 0 0 0 0 0 834.813108887871 0 835.41872501331 0 0
"28" 862.75172010932 0 0 0 0 901.485216238635 781.106557969492 0 0 0 926.036714805234 0 0 0 811.842357542418 0 0 0 900.188304222447 0 793.221437234101 0 0 0 0 0 0 930.359765140772 0 930.359765140772 0 0
"29" 919.043935521343 0 0 0 0 992.321797582949 863.88981657004 0 0 0 1023.76785680616 0 0 0 892.379568799564 0 0 0 992.000242347356 0 875.903899332814 0 0 0 0 0 0 1028.15817312657 0 1028.99058968932 0 0
"30" 942.150415200914 0 0 0 0 1052.38415054315 927.277355758809 0 0 0 1084.33255370134 0 0 0 951.207109458907 0 0 0 1054.23044774096 0 944.15304521492 0 0 0 0 0 0 1092.19972092582 0 1095.17367608891 0 0
"31" 943.150239588483 0 0 0 0 1088.49090115049 968.878175835212 0 0 0 1115.68296017352 0 0 0 992.24405541894 0 0 0 1092.4858650189 0 1001.36063530464 0 0 0 0 0 0 1131.1571545781 0 1135.80570965909 0 0
"32" 920.811775262738 0 0 0 0 1096.54990686278 998.788043892699 0 0 0 1123.00923162225 0 0 0 1018.97474470778 0 0 0 1104.32585556973 0 1047.9943356867 0 0 0 0 0 0 1142.83667235957 0 1149.63244135018 0 0
"33" 875.354493593733 0 0 0 0 1081.50610922597 1013.11014656256 0 0 0 1113.4389822528 0 0 0 1025.75578427522 0 0 0 1093.34548821377 0 1074.19631711508 0 0 0 0 0 0 1132.52946096091 0 1143.07690287508 0 0
"34" 819.544041775434 0 0 0 0 1053.63426066511 1004.70646051126 0 0 0 1092.0555058761 0 0 0 1004.8112338792 0 0 0 1062.4163873489 0 1074.93217482444 0 0 0 0 0 0 1108.53141734057 0 1124.53486379175 0 0
"35" 755.942359876549 0 0 0 0 1013.62519593351 978.626757928537 0 0 0 1056.05672410486 0 0 0 964.972713997628 0 0 0 1017.11376559326 0 1059.09589490065 0 0 0 0 0 0 1069.31981597584 0 1090.37798644715 0 0
"36" 685.169680800601 0 0 0 0 957.340992838254 933.186551567084 0 0 0 1002.62882751603 0 0 0 910.293526745213 0 0 837.667312505171 960.460454425747 0 1022.06873344317 0 0 0 0 0 0 1011.53881183902 0 1036.0504073107 0 0
"37" 618.924134306678 0 0 0 0 896.293121767355 877.495233464288 0 0 0 946.912366907525 0 0 0 839.054432630342 0 0 814.9090963197 901.123652093171 0 957.960081875988 0 0 0 0 0 0 946.513064127318 0 974.715557197775 0 0
"38" 558.081785427318 0 0 0 0 840.092064357425 824.295866955802 0 0 0 897.936556813016 0 0 0 757.382906666833 0 0 783.553218423348 849.371823600236 0 872.679361678738 0 0 0 0 0 0 883.269882136135 0 916.222297318625 0 0
"39" 507.544288334785 0 0 0 0 790.50094032753 769.988925515956 0 0 0 852.98614277963 0 0 0 673.392829830985 0 0 757.970443841525 803.79541711444 0 775.053544130553 0 0 0 0 0 0 825.972276235608 0 862.657685709571 0 0
"40" 480.832254323194 0 0 0 0 753.189399376773 717.476598167906 0 0 0 810.542157930042 0 0 0 603.788206568342 0 0 738.68955446087 765.868581053993 0 688.580540007272 0 0 0 0 0 0 774.992711253141 0 817.437094944704 0 0
"41" 459.270137140956 0 0 0 0 714.726819281795 671.957550195393 0 0 0 769.102473741089 0 0 0 546.167797835386 0 0 718.094721483807 727.834666234403 0 609.943548637803 0 0 0 0 0 0 731.250133428569 0 775.232148690837 0 0
"42" 450.567066448173 0 0 0 0 681.607702661197 631.747788076797 0 0 0 728.626273375522 0 0 0 498.166929368087 0 0 704.318859818521 696.590877641519 0 537.335058042376 0 0 0 0 0 0 692.77514581702 0 733.2169456085 0 0
"43" 436.583040819973 0 0 0 0 647.01785035861 608.76644336807 0 0 0 693.329510080649 0 0 0 463.82229193788 0 0 667.006573236323 663.136259496653 0 485.204857766942 0 0 0 0 0 0 656.943597600955 0 696.178699447568 0 0
"44" 425.466366592619 0 0 0 0 617.579475295965 590.449327071041 0 0 0 666.433019383902 0 0 0 439.147528441299 0 0 637.83760000583 632.132494693357 0 449.105926708605 0 0 0 0 0 0 629.255854738896 0 667.136032724228 0 0
"45" 424.218378982836 0 0 0 0 596.37558846396 573.206448303878 0 0 0 646.910579611789 0 0 0 423.107923449062 0 0 624.003622901694 604.840611000512 0 424.893114671803 0 0 0 0 0 0 608.388415594831 0 647.209981450718 0 0
"46" 430.186355361092 0 0 0 0 579.696466838262 552.229267018741 0 0 0 625.285581630503 0 0 0 407.665408677702 0 0 612.559923462822 580.403983483048 0 407.238643708379 0 0 0 0 0 0 589.700152506696 0 625.786863260377 0 0
"47" 423.553394209364 0 0 0 0 552.355122361197 529.75970925009 0 0 0 595.93527914862 0 0 0 387.145634272805 0 0 600.308405093965 548.243752125496 0 386.718744426134 0 0 0 0 0 0 566.916955535557 0 596.437555395029 0 0
"48" 416.952087093869 0 0 0 0 524.17893608046 505.489922429484 0 0 0 562.240555906906 0 0 0 369.538644297906 0 0 595.371021259124 517.527124472625 0 369.212680721188 0 0 0 0 0 0 534.151230005859 0 563.409733205619 0 0
"49" 403.781174297461 0 0 0 0 491.588624931782 472.315471197525 0 0 0 527.22686813131 0 0 0 344.583696115057 0 0 582.224686975283 482.5305982716 0 344.863114708695 0 0 0 0 0 0 497.539057265014 0 530.238573092028 0 0
"50" 392.678502296396 0 0 0 0 461.672491366366 423.999821497316 0 0 0 488.401045213351 0 0 0 307.049432879734 0 0 587.968067520782 448.191061514643 0 307.46323770216 0 0 0 0 0 0 463.130311691479 0 494.760022325919 0 0
"51" 367.178634781144 0 0 0 0 421.345991686338 375.089050977558 0 0 0 438.362046965918 0 0 0 268.593752265352 0 0 0 405.315538877699 0 269.007266895991 0 0 0 0 0 0 421.8591464921 0 449.011344788706 0 0
"52" 334.790830189657 0 0 0 0 373.153469599441 320.630109542266 0 0 0 382.129717910476 0 0 0 231.290993685094 0 0 0 358.189694322516 0 229.694068831085 0 0 0 0 0 0 377.081856686321 0 395.12635925027 0 0
"53" 290.369351138127 0 0 0 0 315.814209248335 263.48536713758 0 0 0 324.622285293682 0 0 0 185.366710293306 0 0 0 302.18758810664 0 181.623069838783 0 0 0 0 0 0 323.653313641389 0 338.552463106457 0 0
"54" 252.664515488742 0 0 0 0 275.037503831923 206.061419190529 0 0 0 282.70964293114 0 0 0 148.047299629665 0 0 0 256.718232100513 0 143.361253999111 0 0 0 0 0 0 284.146281305692 0 295.562631483863 0 0
"55" 207.087530812337 0 0 0 0 231.275815692682 153.511257511172 0 0 0 232.882158749203 0 0 0 109.059883728506 0 0 0 212.587378205419 0 104.373838097952 0 0 0 0 0 0 241.38540974909 0 243.992861559505 0 0
"56" 162.757779624163 0 0 0 0 190.968048070572 108.229913092186 0 0 0 187.6523604682 0 0 0 77.0416432122479 0 0 0 170.798501479495 0 72.3555975816939 0 0 0 0 0 0 201.07764212698 0 196.617633906628 0 0
"57" 125.78897154738 0 0 0 0 155.94481241416 80.5022032716819 0 0 0 152.023754305517 0 0 0 49.7867960353841 0 0 0 137.119499543361 0 45.7655027749975 0 0 0 0 0 0 168.065236532914 0 161.528584900462 0 0
"58" 101.748021976598 0 0 0 0 132.239384195633 51.0904926449066 0 0 0 126.342616756305 0 0 0 37.0165412049609 0 0 0 108.689346037718 0 24.4554733077144 0 0 0 0 0 0 145.326354917368 0 137.822866803943 0 0
"59" 83.4916739529201 0 0 0 0 113.517506785644 31.7284568394754 0 0 0 107.251810281932 0 0 0 20.1356440849693 0 0 0 87.3869139944459 0 8.91192678168323 0 0 0 0 0 0 124.66074549177 0 116.78832831396 0 0
"60" 75.4544264922651 0 0 0 0 109.8976163349 19.2691028321715 0 0 0 100.385000558365 0 0 0 23.6180052024151 0 0 0 79.9131829252113 0 6.83396564744685 0 0 0 0 0 0 118.400053023438 0 110.426680317161 0 0
"61" 54.8910962946685 0 0 0 0 97.5012036218936 12.4351371847246 0 0 0 83.4300199757091 0 0 0 82.9653381577531 0 0 0 69.3248448618118 0 0 0 0 0 0 0 0 95.0193711763118 0 96.4238914443452 0 0
"62" 54.9011141614938 0 0 0 0 100.043978754958 8.78320644228594 0 0 0 86.8472633826327 0 0 0 141.687532885301 0 0 0 70.6643446589916 0 0 0 0 0 0 0 0 100.01857844941 0 103.357456651325 0 0
"63" 45.7297462290739 0 0 0 0 86.2785127573074 8.71588974657278 0 0 0 75.1937362391451 0 0 0 201.306381377843 0 0 0 61.3246947461603 0 0 0 0 0 0 0 0 86.2531124517596 0 91.7039295078371 0 0
"64" 36.5510287053196 0 0 0 0 72.0771606215629 0.201973512506262 0 0 0 61.0596890898259 0 0 0 256.263027091905 0 0 0 48.4610292156193 0 0 0 0 0 0 0 0 69.9064138737078 0 75.4245359162105 0 0
"65" 26.9078857168305 0 0 0 0 56.4060023560496 0.201973512506262 0 0 0 47.364240154997 0 0 0 300.479943584327 0 0 0 38.716998942159 0 0 0 0 0 0 0 0 51.1245643215851 0 57.609522845061 0 0
"66" 18.0782018866252 0 0 0 0 43.1530673880463 0 0 0 0 36.2220200835475 0 0 0 358.025079091699 0 0 0 29.7864044396085 0 0 0 0 0 0 0 0 37.8716293535817 0 46.4673027736115 0 0
"67" 9.24459314574588 0 0 0 0 28.2200621356075 0 0 0 0 23.0641495399901 0 0 0 414.550020701425 0 0 0 20.851840170262 0 0 0 0 0 0 0 0 22.9386241011429 0 31.6352530496399 0 0
"68" 9.24459314574588 0 0 0 0 16.3694069714481 0 0 0 0 15.1665163255503 0 0 0 412.575324896913 0 0 0 12.9542069558223 0 0 0 0 0 0 0 0 19.8603133913613 0 19.7173124054853 0 0
"69" 0 0 0 0 0 0 0 0 0 0 0 0 0 0 420.720608485561 0 0 0 0 0 0 0 0 0 0 0 0 0 0 0 0 0
"70" 0 0 0 0 0 0 0 0 0 0 0 0 0 0 425.161250111593 0 0 0 0 0 0 0 0 0 0 0 0 0 0 0 0 0
"71" 0 0 0 0 0 0 0 0 0 0 0 0 0 0 444.889343394132 0 0 0 0 0 0 0 0 0 0 0 0 0 0 0 0 0
"72" 0 0 0 0 0 0 0 0 0 0 0 0 0 0 486.660668182487 0 0 0 0 0 0 0 0 0 0 0 0 0 0 0 0 0
"73" 0 0 0 0 0 0 0 0 0 0 0 0 0 0 536.658111757972 0 0 0 0 0 0 0 0 0 0 0 0 0 0 0 0 0
"74" 0 0 0 0 0 0 0 0 0 0 0 0 0 0 615.357412876241 0 0 0 0 0 0 0 0 0 0 0 0 0 0 0 0 0
"75" 0 0 0 0 0 0 0 0 0 0 0 0 0 0 647.846553922095 0 0 0 0 0 0 0 0 0 0 0 0 0 0 0 0 0
"76" 0 0 0 0 0 0 0 0 0 0 0 0 0 0 748.321248310017 0 0 0 0 0 0 0 0 0 0 0 0 0 0 0 0 0
"77" 0 0 0 0 0 0 0 0 0 0 0 0 0 0 774.970043670732 0 0 0 0 0 0 0 0 0 0 0 0 0 0 0 0 0
"78" 0 0 0 0 0 0 0 0 0 0 0 0 0 0 844.660081228524 0 0 0 0 0 0 0 0 0 0 0 0 0 0 0 0 0
"79" 0 0 0 0 0 0 0 0 0 0 0 0 0 0 874.107182304574 0 0 0 0 0 0 0 0 0 0 0 0 0 0 0 0 0
"80" 0 0 0 0 0 0 0 0 0 0 0 0 0 0 900.179911096197 0 0 0 0 0 0 0 0 0 0 0 0 0 0 0 0 0
"81" 0 0 0 0 0 0 0 0 0 0 0 0 0 0 957.075173480553 0 0 0 0 0 0 0 0 0 0 0 0 0 0 0 0 0
"82" 0 0 0 0 0 0 0 0 0 0 0 0 0 0 976.124135694441 0 0 0 0 0 0 0 0 0 0 0 0 0 0 0 0 0
"83" 0 0 0 0 0 0 0 0 0 0 0 0 0 0 1012.5979017207 0 0 0 0 0 0 0 0 0 0 0 0 0 0 0 0 0
"84" 0 0 0 0 0 0 0 0 0 0 0 0 0 0 1012.5979017207 0 0 0 0 0 0 0 0 0 0 0 0 0 0 0 0 0
"85" 0 0 0 0 0 0 0 0 0 0 0 0 0 0 1078.46260859337 0 0 0 0 0 0 0 0 0 0 0 0 0 0 0 0 0
"86" 0 0 0 0 0 0 0 0 0 0 0 0 0 0 1212.34979196499 0 0 0 0 0 0 0 0 0 0 0 0 0 0 0 0 0
"87" 0 0 0 0 0 0 0 0 0 0 0 0 0 0 1420.40361345224 0 0 0 0 0 0 0 0 0 0 0 0 0 0 0 0 0
"88" 0 0 0 0 0 0 0 0 0 0 0 0 0 0 1551.19581488993 0 0 0 0 0 0 0 0 0 0 0 0 0 0 0 0 0
"89" 0 0 0 0 0 0 0 0 0 0 0 0 0 0 1575.3099345366 0 0 0 0 0 0 0 0 0 0 0 0 0 0 0 0 0
"90" 0 0 0 0 0 0 0 0 0 0 0 0 0 0 1574.88399913565 0 0 0 0 0 0 0 0 0 0 0 0 0 0 0 0 0
"91" 0 0 0 0 0 0 0 0 0 0 0 0 0 0 1571.03303873321 0 0 0 0 0 0 0 0 0 0 0 0 0 0 0 0 0
"92" 0 0 0 0 0 0 0 0 0 0 0 0 0 0 1589.84559187973 0 0 0 0 0 0 0 0 0 0 0 0 0 0 0 0 0
"93" 0 0 0 0 0 0 0 0 0 0 0 0 0 0 1588.40037629579 0 0 0 0 0 0 0 0 0 0 0 0 0 0 0 0 0
"94" 0 0 0 0 0 0 0 0 0 0 0 0 0 0 1576.85781520445 0 0 0 0 0 0 0 0 0 0 0 0 0 0 0 0 0
"95" 0 0 0 0 0 0 0 0 0 0 0 0 0 0 1563.51808461019 0 0 0 0 0 0 0 0 0 0 0 0 0 0 0 0 0
"96" 0 0 0 0 0 0 0 0 0 0 0 0 0 0 1553.68306583138 0 0 0 0 0 0 0 0 0 0 0 0 0 0 0 0 0
"97" 0 0 0 0 0 0 0 0 0 0 0 0 0 0 1530.85673372306 0 0 0 0 0 0 0 0 0 0 0 0 0 0 0 0 0
"98" 0 0 0 0 0 0 0 0 0 0 0 0 0 0 1467.31050832697 0 0 0 0 0 0 0 0 0 0 0 0 0 0 0 0 0
"99" 0 0 0 0 0 0 0 0 0 0 0 0 0 0 1398.42321206949 0 0 0 0 0 0 0 0 0 0 0 0 0 0 0 0 0
"100" 0 0 0 0 0 0 0 0 0 0 0 0 0 0 1318.67088910061 0 0 0 0 0 0 0 0 0 0 0 0 0 0 0 0 0
"101" 0 0 0 0 0 0 0 0 0 0 0 0 0 0 1226.22519156379 0 0 0 0 0 0 0 0 0 0 0 0 0 0 0 0 0
"102" 0 0 0 0 0 0 0 0 0 0 0 0 0 0 1135.86917606862 0 0 0 0 0 0 0 0 0 0 0 0 0 0 0 0 0
"103" 0 0 0 0 0 0 0 0 0 0 0 0 0 0 1057.28628761269 0 0 0 0 0 0 0 0 0 0 0 0 0 0 0 0 0
"104" 0 0 0 0 0 0 0 0 0 0 0 0 0 0 1039.77332105275 0 0 0 0 0 0 0 0 0 0 0 0 0 0 0 0 0
"105" 0 0 0 0 0 0 0 0 0 0 0 0 0 0 998.665714472031 0 0 0 0 0 0 0 0 0 0 0 0 0 0 0 0 0
"106" 0 0 0 0 0 0 0 0 0 0 0 0 0 0 968.036247501437 0 0 0 0 0 0 0 0 0 0 0 0 0 0 0 0 0
"107" 0 0 0 0 0 0 0 0 0 0 0 0 0 0 956.326607906231 0 0 0 0 0 0 0 0 0 0 0 0 0 0 0 0 0
"108" 0 0 0 0 0 0 0 0 0 0 0 0 0 0 959.604995888709 0 0 0 0 0 0 0 0 0 0 0 0 0 0 0 0 0
"109" 0 0 0 0 0 0 0 0 0 0 0 0 0 0 968.33181018637 0 0 0 0 0 0 0 0 0 0 0 0 0 0 0 0 0
"110" 0 0 0 0 0 0 0 0 0 0 25.2488494391628 0 0 0 972.473380789354 0 0 0 0 0 0 0 0 0 0 0 0 0 0 44.5027548891781 0 0
"111" 0 0 0 0 0 0.30270862604741 0 0 0 0 44.6053843603055 0 0 0 984.859306175687 0 0 0 0.30270862604741 0 0 0 0 0 0 0 0 12.0578936042218 0 66.00347591149 0 0
"112" 0 0 0 0 0 0.30270862604741 0 0 0 0 57.8654918002169 0 0 0 997.03739158167 0 0 0 0.30270862604741 0 0 0 0 0 0 0 0 13.5303040115724 0 81.5100609443305 0 0
"113" 9.64535404296544 0 0 0 0 14.7707396904956 0 0 0 0 99.1906997853481 0 0 0 1000.40602302244 0 0 0 14.7707396904956 0 0 0 0 0 0 0 0 51.8760570829079 0 122.835268929462 0 0
"114" 27.5843053280466 0 0 0 0 38.4706762687228 0 0 0 0 152.738427320328 0 0 0 972.113231566353 0 0 0 38.4706762687228 0 0 0 0 0 0 0 0 103.817436893813 0 175.31442654351 0 0
"115" 39.2019304728338 0 0 0 0 54.6478617527386 0 0 0 0 190.846699561768 0 0 0 956.149848412448 0 0 0 54.6478617527386 0 0 0 0 0 0 0 0 138.342225883101 0 210.074109870387 0 0
"116" 66.4961582547753 0 0 0 0 85.995021694537 0 0 0 0 245.961616573192 0 0 0 930.545704970403 0 0 0 85.6923130684896 0 0 0 0 0 0 0 0 205.551949438572 0 257.854342695944 0 0
"117" 91.5355489534911 0 0 0 0 119.010669914215 1.87551027978079 0 0 0 302.853315342218 0 0 0 930.545704970403 0 0 0 116.562448980314 0 0 0 0 0 0 0 0 274.79730745283 0 309.389159638721 0 0
"118" 118.528500365634 0 0 0 0 149.966943363015 1.87551027978079 0 0 0 346.570085840472 0 0 0 891.313020450049 0 0 0 147.451408335817 0 0 0 0 0 0 0 0 324.500094448711 0 350.961744035806 0 0
"119" 143.644100475711 0 0 0 0 182.890676438637 3.61706046253355 0 0 0 400.865473638017 0 0 0 891.313020450049 0 0 0 178.229587633191 0 0 0 0 0 0 0 0 389.884822558838 0 403.246244459209 0 0
"120" 158.373382513874 0 0 0 0 202.17537642787 11.9217761958348 0 0 0 428.912935907249 0 0 0 842.793927570198 0 0 0 195.134017777372 0 0 0 0 0 0 0 0 423.056505856665 0 433.438472843241 0 0
"121" 163.273853905542 0 0 0 0 215.481193203241 30.8809400904396 0 0 0 447.896148452907 0 0 0 0 0 0 0 206.261046164796 0 0 0 0 0 0 0 0 445.589309823756 0 454.364929086258 0 0
"122" 176.130376357894 0 0 0 0 234.829368355073 40.3958147577325 0 0 0 471.998330914527 0 0 0 0 0 0 0 223.464579516878 0 0 0 0 0 0 0 0 475.55516130693 0 478.466572745222 0 0
"123" 170.905359605642 0 0 0 0 240.681949413394 63.5771056369266 0 0 0 476.109348788606 0 0 0 0 0 0 0 227.340617604812 0 0 0 0 0 0 0 0 475.949217574874 0 484.385852955957 0 0
"124" 166.520216847661 0 0 0 0 245.232476092439 94.2254728670965 0 0 0 479.389362958443 0 0 0 0 0 0 0 233.094769063468 0 0 0 0 0 0 0 0 476.218523028904 0 490.508349130666 0 0
"125" 161.746577968256 0 0 0 0 250.893547771838 121.089200755191 0 0 0 482.671233876406 0 0 0 30.7326429878199 0 0 0 237.284118426819 0 0 0 0 0 0 0 0 475.186705335275 0 498.48301959188 0 0
"126" 158.584562405327 0 0 0 0 255.568482483861 154.036666717195 0 0 0 483.794289530699 0 0 0 53.4914344124621 0 0 0 244.57564168132 0 0 0 0 0 0 0 0 469.37062546096 0 503.256521832282 0 0
"127" 154.116479225407 0 0 0 0 261.048564815958 182.411135560599 0 0 0 487.336622932218 0 0 0 70.0794218206469 0 0 0 254.782393630093 0 0 0 0 0 0 0 0 462.534768459432 0 506.596807209487 0 0
"128" 148.040199528301 0 0 0 0 266.627755218472 203.974853869065 0 0 0 493.768244965422 0 0 0 0 0 0 0 264.281451495711 0 0 0 0 0 0 0 0 462.430735321677 0 514.029039054051 0 0
"129" 139.827362144683 0 0 0 0 278.851591050265 237.472853394919 0 0 0 511.26574124455 0 0 0 0 0 0 0 277.413295603515 0 0 0 0 0 0 0 0 484.908240212583 0 537.247555742247 0 0
"130" 133.476420039266 0 0 0 0 297.67428362187 262.621007476204 0 0 0 530.90310272481 0 0 0 0 0 0 0 296.08362554867 0 0 0 0 0 0 0 0 515.65811385873 0 565.986670535299 0 0
"131" 129.617427532634 0 0 0 0 315.383581380505 283.772602223158 0 0 0 557.809617212552 0 0 0 161.159284809946 0 0 0 312.16312101852 0 0 0 0 0 0 0 0 557.284710828183 0 598.234097301445 0 0
"132" 128.333305442388 0 0 0 0 333.77717269472 298.013382988353 0 0 0 581.485131302279 0 0 0 167.962609881419 0 0 0 325.021764855105 0 0 0 0 0 0 0 0 598.585280856995 0 633.323315651527 0 0
"133" 132.324745798348 0 0 0 0 353.360657352414 310.87905619288 0 0 0 600.255584824066 0 0 0 172.7286533643 0 0 0 333.633374172751 0 0 0 0 0 0 0 0 638.414977970655 0 668.946011593492 0 0
"134" 137.878806951612 0 0 0 0 363.944770081117 318.835833671101 0 0 0 611.087947005591 0 0 0 174.737513699246 0 0 0 339.67512185082 0 0 0 0 0 0 0 0 657.116259667665 0 688.899408662937 0 0
"135" 146.525161627861 0 0 0 0 371.005290699228 323.88654762462 0 0 0 615.049383997405 0 0 0 175.942127658285 0 0 0 338.135514940436 0 0 0 0 0 0 0 0 666.124956445169 0 698.748539703751 0 0
"136" 148.7943255122 0 0 0 0 366.491072792318 330.175040429368 0 0 0 612.35589371304 0 0 0 177.609935084977 0 0 0 342.295620224358 0 0 0 0 0 0 0 0 641.598136159008 0 693.088539475974 0 0
"137" 151.739714588149 0 0 0 0 365.158565813179 334.568910382331 0 0 0 604.753207423516 0 0 0 181.741549653059 0 0 0 344.545499944744 0 0 0 0 0 0 0 0 616.397253491891 0 681.197063455016 0 0
"138" 154.200388302723 0 0 0 0 364.387149032136 336.598824260501 0 0 0 597.805497730238 0 0 0 182.392970405164 0 0 0 343.99044739894 0 0 0 0 0 0 0 0 592.286035912858 0 664.945235980343 0 0
"139" 153.698819128453 0 0 0 0 358.739179542857 339.942881259212 0 0 0 588.943670921088 0 0 0 182.886525201017 0 0 0 345.644882671926 0 0 0 0 0 0 0 0 563.150924490715 0 646.186598384748 0 0
"140" 155.666106181449 0 0 0 0 359.617289994679 343.094600492329 0 0 0 582.563509079707 0 0 0 180.857111389522 0 0 0 346.727679586075 0 0 0 0 0 0 0 0 543.483278669989 0 631.903003436962 0 0
"141" 156.453474456418 0 0 0 0 359.257613273806 346.466639635933 0 0 0 583.163651053891 0 0 0 180.068486463346 0 0 1.74141555456919 349.286193128469 0 0 0 0 0 0 0 0 541.228437266797 0 632.28570626706 0 0
"142" 154.508755583673 0 0 0 0 355.798668216914 345.085944503508 0 0 0 580.99108642658 0 0 0 176.393166976033 0 0 5.69344483907703 345.49710643554 0 0 0 0 0 0 0 0 522.526825519272 0 622.590779790022 0 0
"143" 159.70727292316 0 0 0 0 358.955166728399 342.160807905666 0 0 0 579.894191406093 0 0 0 169.834368412785 0 0 11.2777080948447 334.659555249578 0 0 0 0 0 0 0 0 526.51742361299 0 622.595958583105 0 0
"144" 165.488551584468 0 0 0 0 358.252677600954 337.10291983227 0 0 0 573.363371994982 0 0 0 161.625890769617 0 0 17.198944741192 326.16017667013 0 0 0 0 0 0 0 0 527.179911717201 0 621.185940029257 0 0
"145" 169.077285065253 0 0 0 0 353.737796383686 330.698773275477 0 0 0 561.687231058545 0 0 0 155.529498166709 0 0 24.198392772304 321.249024930037 0 0 0 0 0 0 0 0 521.837068215864 0 616.905859171835 0 0
"146" 173.769659304533 0 0 0 0 349.11038298792 322.781380179766 0 0 0 548.186451193174 0 0 0 148.545451101815 0 0 29.4893270074637 314.03898487707 0 0 0 0 0 0 0 0 511.278032090929 0 610.978017351146 0 0
"147" 174.338950178046 0 0 0 0 345.563066123706 316.228559059991 0 0 0 546.183328910638 0 0 0 143.682652494121 0 0 29.8594329023156 304.704786861969 0 0 0 0 0 0 0 0 505.953439176025 0 612.860544653237 0 0
"148" 177.439678311798 0 0 0 0 340.467209728379 306.020992010348 0 0 0 537.777316070184 0 0 0 136.626673125648 0 0 28.1180173477464 294.141311366327 0 0 0 0 0 0 0 0 492.291381661957 0 609.576209867169 0 0
"149" 180.090330179214 0 0 0 0 338.823007185947 304.184985659015 0 0 0 534.986507995837 0 0 0 132.405241030214 0 0 24.1659880632386 293.359759965692 0 0 0 0 0 0 0 0 478.359522360457 0 608.629953652936 0 0
"150" 184.131550266022 0 0 0 0 332.665281985641 301.195574290484 0 0 0 525.05699454186 0 0 0 128.381672821781 0 0 18.5817248074709 293.1557597391 0 0 0 0 0 0 0 0 459.513238396323 0 604.925956599808 0 0
"151" 194.532579807581 0 0 0 0 356.126558527217 309.818886694728 0 0 0 557.337250274682 0 0 0 128.3636801727 0 0 11.0779271409832 306.472745033132 0 0 0 0 0 0 0 0 465.09297740629 0 625.175656889202 0 0
"152" 213.84440808946 0 0 0 0 376.908127668848 338.218928387409 0 0 0 585.408187434266 0 0 0 126.836473958209 0 0 4.9534101137602 322.972542021735 0 0 0 0 0 0 0 0 476.016295111492 0 643.494025602678 0 0
"153" 216.803363948874 0 0 0 0 384.202018630031 343.880072216127 0 0 0 601.130596094962 0 0 0 124.46215753503 0 0 0.370105894851912 325.942836699862 0 0 0 0 0 0 0 0 480.729292006277 0 652.036956466207 0 0
"154" 244.478722326803 0 0 0 0 408.037427474627 373.40056285338 0 0 0 625.62839643605 0 0 0 121.100202852955 0 0 0 349.398154481273 0 0 0 0 0 0 0 0 496.113252650543 0 669.200034935484 0 0
"155" 253.936648555341 0 0 0 0 426.308996675168 401.203672423073 0 0 0 653.412277088947 0 0 0 121.100202852955 0 0 0 364.063603494005 0 0 0 0 0 0 0 0 520.438495162583 0 691.537460775952 0 0
"156" 272.578594790822 0 0 0 0 452.370650054994 433.921096613314 0 0 0 686.226443029643 0 0 0 118.677863615943 0 0 0 382.393391491049 0 0 0 0 0 0 0 0 550.112307676829 0 715.829312840477 0 0
"157" 308.305275461968 0 0 0 0 496.334764963788 480.403623550734 0 0 0 735.673885069782 0 0 0 0 0 0 0 420.91766938264 0 0 0 0 0 0 0 0 611.902733907598 0 757.555934913816 0 0
"158" 329.947428368217 0 0 0 0 515.338352366705 512.197664177511 0 0 0 756.308472456727 0 0 0 0 0 0 0 440.588710394062 0 0 0 0 0 0 0 0 650.993028561916 0 772.530204554783 0 0
"159" 334.828682829464 0 0 0 0 517.110584704438 529.822446721806 0 0 0 756.320224451005 0 0 0 0 0 0 0.0589271686289663 442.01169831572 0 0 0 0 0 0 0 0 684.400948392865 0 770.862064748505 0 0
"160" 334.03990006274 0 0 0 0 519.044653044398 530.822997893866 0 0 0 760.944371752212 0 0 0 0 0 0 0.0673453355759614 442.59482959854 0 0 0 0 0 0 0 0 699.256774972835 0 775.619096450459 0 0
"161" 327.35060185507 0 0 0 0 516.309035809503 523.199512882769 0 0 0 754.582138875426 0 0 0 0 0 0 5.46005314786513 436.241796654682 0 0 0 0 0 0 0 0 719.35372236649 0 772.167737571565 0 0
"162" 329.214168430772 0 0 0 0 505.334389525619 498.369401917102 0 0 0 725.846602957474 0 0 0 0 0 0 6.37006200584266 428.555638733651 0 0 0 0 0 0 0 0 723.865586600737 0 754.165779656188 0 0
"163" 325.426972967763 0 0 0 0 497.597710999344 482.967869502287 0 0 0 718.880087391114 0 0 0 0 0 0 7.64407440701119 423.859212525014 0 0 0 0 0 0 0 0 734.232478374438 0 746.644852530539 0 0
"164" 318.699218985767 0 0 0 0 494.037868291093 477.513842561226 0 0 0 707.590761356644 0 0 0 0 0 0 9.55509300876399 415.572989062212 0 0 0 0 0 0 0 0 737.094391249351 0 740.251024874771 0 0
"165" 315.509302528705 0 0 0 0 489.61085743851 467.606536559433 0 0 0 677.867862219977 0 0 0 0 0 0 12.7401240116853 410.173375416737 0 0 0 0 0 0 0 0 735.221844140151 0 736.031130398767 0 0
"166" 313.350588541976 0 0 0 0 490.586980593736 460.042464781571 0 0 0 674.268540621312 0 0 0 0 0 0 19.110186017528 408.526843950407 0 0 0 0 0 0 0 0 737.721307148958 0 740.173128597176 0 0
"167" 321.375109325852 0 0 0 0 492.391520070802 455.27575164773 0 0 0 652.068026359617 0 0 0 0 0 0 37.7489546860242 415.521710269472 0 0 0 0 0 0 0 0 733.297385267153 0 742.594519350257 0 0
"168" 339.154403821639 0 0 0 0 505.224388136023 455.634928730249 0 0 0 645.980260687307 0 0 0 0 0 0 0 434.988043743089 0 0 0 2.74495942942267 0 0 0 0 733.848749081353 0 748.441000762748 0 0
"169" 366.521193175253 0 0 0 0 519.490987782182 465.774996916652 0 0 0 646.700064346321 0 0 0 0 0 0 0 452.302971809631 0 0 0 6.7600368328741 0 0 0 0 743.152792004286 0 760.143997280623 0 0
"170" 407.753071340093 0 0 0 0 543.562489340949 474.852738918776 0 0 0 645.249295343707 0 0 0 0 0 0 0 482.344998765264 0 0 0 17.0444513192184 0 0 0 0 752.844857124515 0 768.800328506169 0 0
"171" 452.324732570945 0 0 0 0 570.470561398441 495.183677210113 0 0 0 670.604753447042 0 0 0 0 0 0 0 520.618353235798 0 0 0 57.5235021225684 0 0 0 0 750.042246789532 0 782.091599523522 0 0
"172" 480.492775817038 0 0 0 0 585.107290046806 506.406266760519 0 0 0 698.170167531292 0 0 0 0 0 0 0 545.602804445891 0 0 0 109.715127879961 0 0 0 0 734.048899534204 0 782.504615433403 0 0
"173" 496.849538840818 0 0 0 0 582.917787602467 509.257347167292 0 0 0 690.968908319175 0 0 0 0 0 0 0 550.690550874162 0 0 0 165.703029852917 0 0 0 0 709.865970630858 0 759.852227829664 0 0
"174" 501.615719061486 0 0 0 0 572.380919043767 510.478760849592 0 0 0 687.393846503479 0 0 0 0 0 0 0 544.137873202613 0 0 0 208.813215227588 0 0 0 0 682.055809164271 0 736.285159681071 0 0
"175" 487.417535542525 0 0 0 0 555.714085537725 507.607920878072 0 0 0 673.464811246415 0 0 0 0 0 0 0 528.517424194936 0 0 0 240.714458953529 0 0 0 0 647.85608403321 0 712.164865453035 0 0
"176" 454.93538649114 0 0 0 0 537.381880979818 497.069425172204 0 0 0 659.768357143874 0 0 0 0 0 0 0 511.993182692842 0 0 0 260.471222274661 0 0 0 0 599.431814976532 0 681.65253007521 0 0
"177" 411.549854076272 0 0 0 0 508.118296314688 477.834597429203 0 0 0 627.024000966904 0 0 0 0 0 0 0 483.999282311116 0 0 0 253.537691843516 0 0 0 0 544.271174997776 0 636.873116598743 0 0
"178" 366.399991214562 0 0 0 0 472.951763465629 444.72915991844 0 0 0 583.019524122995 0 0 0 0 0 0 0 447.14923409161 0 0 0 213.723624789509 0 0 0 0 511.958335940985 0 589.080789377968 0 0
"179" 335.729320940131 0 0 0 0 462.116505727582 423.113169521159 0 0 0 568.841824257628 0 0 0 0 0 0 0 435.414917694385 0 0 0 161.531999032116 0 0 0 0 510.738214284444 0 571.890481306448 0 0
"180" 319.449211827887 0 0 0 0 452.445444574176 401.895922384884 0 0 0 573.820555143206 0 0 0 0 0 0 0 423.857783835535 0 0 0 105.54409705916 0 0 0 0 516.583135171127 0 578.914470787851 0 0
"181" 305.962272395567 0 0 0 0 449.050856247863 379.982763467833 0 0 0 577.133059666367 0 0 0 0 0 0 0 425.902580922554 0 0 0 62.4339116844891 0 0 0 0 522.203640954914 0 585.712366372451 0 0
"182" 302.16838101707 0 0 0 0 424.999612642657 363.778208697959 0 0 0 552.205324508318 0 0 0 0 0 0 0 414.445878095134 0 0 0 27.7877085291255 0 0 0 0 503.476471277694 0 560.930892421849 0 0
"183" 302.523844720102 0 0 0 0 406.079560690312 348.385236724441 0 0 0 529.898280919793 0 0 0 0 0 0 0 410.201635141979 0 0 0 4.01586780454225 0 0 0 0 491.721398305795 0 539.683943663307 0 0
"184" 309.022687074716 0 0 0 0 375.603842891422 329.553537359915 0 0 0 506.895724542403 0 0 0 0 0 0 0 397.824496136738 0 0 0 0.664983749342549 0 0 0 0 480.54785057967 0 522.169765824055 0 0
"185" 309.883656243243 0 0 0 0 352.766999377501 314.781216303879 0 0 0 489.463276619433 0 0 0 0 0 0 0 393.597609899033 0 0 0 0 0 0 0 0 463.753909116643 0 506.117449664327 0 0
"186" 312.60959293073 0 0 0 0 309.928053404382 293.607648816697 0 0 0 450.19959218723 0 0 0 0 0 0 0 370.459211275738 0 0 0 0 0 0 0 0 429.892491347158 0 467.929963649829 0 0
"187" 314.667103572724 0 0 0 0 282.29771327508 269.303376910002 0 0 0 407.425564230679 0 0 0 0 0 0 0 361.471604023438 0 0 0 0 0 0 0 0 393.28064930262 0 424.962242938489 0 0
