"2016-09-08" "2017-06-01" "2017-07-20" "2017-08-05" "2017-08-07" "2017-09-03" "2018-05-21" "2018-06-07" "2018-06-14" "2018-06-15" "2018-06-21" "2018-07-01" "2018-07-04" "2018-07-14" "2018-07-16" "2018-07-18" "2018-07-24" "2018-07-26" "2018-07-31" "2018-08-10" "2018-08-20" "2018-09-09" "2018-09-15"
"82" 0 529.976867692972 528.223026235617 0 0 525.566750547673 535.873148815903 538.833770022132 542.335031594473 535.873148815903 0 541.024025399306 0 535.873148815903 528.39428683205 0 0 0 0 0 0 0 0
"83" 0 537.509274960458 537.585522815891 0 0 535.224898027996 547.246693592048 548.083690316618 553.708576370619 545.529180565048 0 550.44292278208 0 547.246693592048 536.367086494227 0 0 0 0 0 0 0 0
"84" 0 547.581943922828 550.145006763275 0 0 545.42546743044 560.685157236655 558.958761871541 565.597935951699 558.967644209656 0 563.280679900002 0 560.685157236655 548.791262112677 0 0 0 0 0 0 0 0
"85" 0 557.338917365267 562.862189699445 0 0 550.868992753441 575.559064232544 573.367801114703 579.060368210137 573.841551205544 0 575.998522889442 0 575.559064232544 562.455712086841 0 0 0 0 0 0 0 0
"86" 0 567.30978877017 575.353950382334 0 0 556.525590561791 590.20796171371 587.043872196646 593.709265691302 586.333311888434 0 588.49044868671 0 590.20796171371 576.131783168784 0 0 0 0 0 0 0 0
"87" 0 572.929163818687 582.728156172498 0 0 558.436217163369 599.26719248319 596.103102966127 602.768496460783 593.707517678597 0 597.549679456191 0 599.26719248319 587.348150736541 0 0 0 0 0 0 0 0
"88" 0 581.871218307118 589.149426261856 0 0 566.98737014545 606.148824275742 603.380245948312 609.212465256136 598.756367579693 0 602.118259135087 0 606.148824275742 594.990799477864 0 0 0 0 0 0 0 0
"89" 0 584.432482247461 594.703712968626 0 0 569.548634085793 609.330138015713 606.739192650486 612.393778996107 601.937681319664 0 605.299572875058 0 609.330138015713 599.644986529437 0 0 0 0 0 0 0 0
"90" 0 586.319816433495 598.828285461905 0 0 569.309704248731 610.933142659981 610.095686724238 614.434446637574 604.202133748638 0 608.044295526232 0 610.933142659981 603.705535612896 0 0 0 0 0 0 0 0
"91" 0 585.509554558835 600.795522755797 0 0 572.650226638267 613.207294921525 612.575498757005 614.757782177953 606.476286010182 0 610.118182572197 0 613.007029705946 607.935899151249 0 0 0 0 0 0 0 0
"92" 0 581.905458375694 600.633341943168 0 0 574.960537649751 614.981647349762 612.593418588078 614.502916581407 608.485087099064 0 609.836339473097 0 612.364080715127 607.926841479768 0 0 0 0 0 0 0 0
"93" 0 577.24215498611 602.477319883445 0 0 580.642703750861 618.60376240208 613.967675477129 614.818898576448 610.216156131357 0 609.79318386112 0 612.32092510315 608.9419607618 0 0 0 0 0 0 0 0
"94" 0 568.396527370883 602.654097155447 0 0 581.098550926075 620.382688328394 616.218198029235 616.510218393487 610.772559876886 0 608.374486798881 0 610.61020767666 608.08246643463 0 0 0 0 0 0 0 0
"95" 0 556.4846029155 602.590023629929 0 0 581.116873824345 625.620349061176 618.730137129219 621.194669135568 614.926583476133 0 610.500903550525 0 610.190210850499 608.036371544176 0 0 0 0 0 0 0 0
"96" 0 540.232624675736 605.739037071062 0 0 576.749302323683 631.028377059497 620.353227228797 626.498044473094 622.174492798393 0 617.748812872785 0 613.304601366402 611.499342967693 0 0 0 0 0 0 0 0
"97" 0 509.385914392601 614.28526135772 0 0 562.684293056786 641.44088177643 613.221466871577 632.680520372483 623.020691601946 0 619.148221667039 0 608.105223143166 600.677997752267 0 0 0 0 0 0 0 0
"98" 0 491.609515071773 619.6735273491 0 0 551.891925655246 647.034601157316 606.565216538208 636.206945687776 619.388643877911 0 615.983591821519 0 599.586288239921 591.779221289674 0 0 0 0 0 0 0 0
"99" 0 475.525232852312 624.986741693134 0 0 538.502469532971 651.330180518461 600.132399320121 639.867562387958 613.561852363569 0 613.855947938417 0 593.153769209925 582.437805301335 0 0 0 0 0 0 0 0
"100" 0 469.114448483841 627.666758717385 0 0 531.628737290999 652.864693751589 592.406354703752 640.894154890562 606.697126365361 0 610.23238005518 0 588.37253693984 575.159240386559 0 0 0 0 0 0 0 0
"101" 0 454.179417459991 633.016226732369 0 0 517.529744827114 655.764493992568 578.908943718282 644.562693109968 597.04957155178 0 604.61982537731 0 578.415919312343 561.666910403694 0 0 0 0 0 0 0 0
"102" 0 445.40057337716 635.363800803119 0 0 511.143206271715 657.465958118039 571.383090532993 644.95153823439 594.52168725143 0 603.125828914427 0 573.93845495559 555.09581993336 0 0 0 0 0 0 0 0
"103" 0 430.618832922094 643.344908890885 0 0 499.229445948636 662.910525468215 559.370061939047 649.982009028583 584.394276903478 0 593.412515122458 0 561.379237980618 541.331286197222 0 0 0 0 0 0 0 0
"104" 0 421.05693796045 650.255842329295 0 0 487.633343710611 668.312498136966 547.120397574774 654.861591241077 570.638710385061 0 579.656948604041 0 544.466390129877 527.351713671914 0 0 0 0 0 0 0 0
"105" 0 419.386895775414 654.8316741813 0 0 478.04751723538 674.887328454969 538.313987079124 661.271305469501 559.403119988964 0 568.421358207945 0 532.685003385648 519.441921427166 0 0 0 0 0 0 0 0
"106" 0 419.887127342809 659.539765161163 0 0 469.14916045618 681.522354417171 532.773084385121 668.691101221356 550.826386293882 0 560.667026779778 0 528.436013525622 516.100913144266 0 0 0 0 0 0 0 0
"107" 0 417.508720558386 666.574004145302 0 0 457.750473245827 693.281842805312 520.886372646748 681.981778374232 536.535504044147 0 550.917626980519 0 518.007312521467 507.397893005513 0 0 0 0 0 0 0 0
"108" 0 419.449404188735 671.085812611968 0 0 450.723435464478 699.914320750655 518.159230343381 691.944241255538 529.641624152012 0 544.852384978764 0 509.195185544551 501.510589468119 0 0 0 0 0 0 0 0
"109" 0 429.569661550816 676.902840176646 0 0 448.96976117596 705.931770315932 520.695552450735 701.050348166648 524.64604247994 0 536.102700863419 0 507.290905061323 500.255930875362 0 0 0 0 0 0 0 0
"110" 0 443.993169386483 682.438136500146 0 0 449.5293561253 709.176859156342 517.161846958402 704.836359913782 511.006154969748 0 527.381231911146 0 506.444539608909 499.442135007597 0 0 0 0 0 0 0 0
"111" 0 462.737397963542 689.536570983558 0 0 449.763363585238 713.58386688301 512.008081205797 711.279611299674 491.783475502414 0 519.832802916614 0 508.289805295643 495.772663364996 0 0 0 0 0 0 0 0
"112" 0 465.972899939867 692.536263544633 0 0 447.993934909585 714.246760261234 509.170675758095 713.829485083027 484.144033563045 0 514.747449684338 0 506.193613491034 491.618661610808 0 0 0 0 0 0 0 0
"113" 0 471.360877283007 694.614668361315 0 0 447.513606701784 714.708917910365 500.107788084101 716.848816318861 462.282701426585 0 504.692547554623 0 498.025619031706 481.37423041263 0 0 0 0 0 0 0 0
"114" 0 473.982844870689 697.04270661396 0 0 449.004309701481 716.511153781811 497.90865659473 718.383564889245 453.296141020547 0 503.737694597466 0 495.258407195482 479.630814819759 0 0 0 0 0 0 0 0
"115" 0 482.049259691792 700.215034603415 0 0 450.852792623387 714.257418613158 493.065180003467 717.899028809889 440.176952983668 0 501.195331930155 0 490.215095508625 473.936116548365 0 0 0 0 0 0 0 0
"116" 0 496.604964446732 701.544729451742 0 0 453.161645875088 713.607659212201 486.894584513642 716.339770678117 428.4343550915 0 501.689465105201 0 486.92827648236 470.358702093657 0 0 0 0 0 0 0 0
"117" 0 525.311826175283 702.269447061623 0 0 443.430270772094 714.659816198938 472.692465199355 717.484148878091 419.381034725856 0 496.912974352847 0 480.441718240128 461.27768971859 0 0 0 0 0 0 0 0
"118" 0 556.347260255694 701.165482959186 0 0 427.171188564285 716.204568463756 450.307758334171 720.378550193912 410.528450836182 0 487.881834977509 0 463.270190461424 439.612710081838 0 0 0 0 0 0 0 0
"119" 0 582.792491953437 703.238036592136 0 0 410.981135056427 717.972536639288 435.901710031065 722.180342863234 414.396806184494 0 475.192199190236 0 449.193750428787 422.551441604709 0 0 0 0 0 0 0 0
"120" 0 638.013496432896 708.074986243419 0 0 400.45438046669 720.355760500259 426.534775389297 726.402990190742 426.008624115743 0 467.185389248407 0 443.849181594526 414.538106060728 0 0 0 0 0 0 0 0
"121" 0 693.180381063949 712.194738796946 0 0 388.875282254063 722.455246390724 424.505703431522 729.710269221366 438.6520505369 0 453.287742591723 0 444.278649992307 411.201535051168 0 0 0 0 0 0 0 0
"122" 0 762.084664810029 720.966115646957 0 0 379.411730400115 728.678876103585 421.274853761074 737.745519414092 448.499315973231 0 441.696188405007 0 445.306859246087 405.661378768911 0 0 0 0 0 0 0 0
"123" 0 824.983215213972 728.970544710306 0 0 369.405249634635 734.534311300977 421.245136145584 745.695225971449 458.072707108166 0 426.068979531156 0 446.896598431218 405.788129636414 0 0 0 0 0 0 0 0
"124" 0 860.404822601885 737.217211528364 0 0 370.486539532579 741.437513896238 430.011339118531 751.043815649046 465.005672715293 0 416.825812174562 0 447.677197241461 411.215540559378 0 0 0 0 0 0 0 0
"125" 0 901.508402202005 741.565648693502 0 0 373.470459986672 749.471296939771 446.636530261717 754.976946352248 471.971412389138 0 411.279238325278 0 454.153795587839 427.677781660342 0 0 0 0 0 0 0 0
"126" 0 932.186583503783 748.199134529727 0 0 381.96306235842 757.720565719398 467.622150261842 761.98293361636 480.838782955372 0 413.10885388857 0 467.028956087472 448.08776073221 0 0 0 0 0 0 0 0
"127" 0 918.543942726061 755.284010644669 0 0 387.532598063864 763.921115712293 484.254610590778 766.344060142719 486.016468098121 0 412.154032926061 0 476.240108846223 463.432901274852 0 0 0 0 0 0 0 0
"128" 0 888.431085759559 758.464107472778 0 0 389.958601347945 766.966074846398 487.82767999464 768.181226136664 488.010123448776 0 417.172312017551 0 480.387274308398 470.401312986027 0 0 0 0 0 0 0 0
"129" 0 845.230627782109 756.712324382021 0 0 393.807619382367 767.127314384136 496.061641729893 766.530845194538 491.820288644597 0 422.674974055646 0 487.015430531096 482.797500306653 0 0 0 0 0 0 0 0
"130" 0 801.390033774858 759.239396243201 0 0 399.094845422124 771.808307866067 505.56796130762 771.068766902361 499.232336862358 0 432.825228896733 0 496.853492894058 492.142423646593 0 0 0 0 0 0 0 0
"131" 0 753.599075608116 758.722948916792 0 0 407.07250783019 772.534966611546 515.402297868194 773.317699236475 506.724927786615 0 440.948415272324 0 509.021164564541 503.894913858975 0 0 0 0 0 0 0 0
"132" 0 697.882125035109 763.363205501284 0 0 417.027181152319 773.49169066006 523.565561551505 776.558778204659 515.421615491661 0 447.421218568966 0 520.030836590862 512.219314242091 0 0 0 0 0 0 0 0
"133" 0 652.310668728331 761.692909772331 0 0 421.262500686758 770.244355299093 526.503311262942 774.520899865417 522.938171431045 0 465.778248452627 0 527.84739496731 516.59894323909 0 0 0 0 0 0 0 0
"134" 0 628.319553059208 757.923343562048 0 0 430.064115329969 769.936448593467 535.826737262048 774.21299315979 534.948879276752 0 490.365176189894 0 537.607374081663 525.828282037802 0 0 0 0 0 0 0 0
"135" 0 621.74812559972 762.036016071151 0 0 446.144902260285 778.057783730165 553.601840686524 782.334328296488 553.594967747115 0 520.915975596125 0 551.672766419157 541.5143875553 0 0 0 0 0 0 0 0
"136" 0 616.568833848855 765.197754849773 0 0 456.859029155469 788.281678314056 569.360711619425 792.558222880379 574.673501464233 0 556.900159467552 0 564.990079976394 556.266613805156 0 0 0 0 0 0 0 0
"137" 0 604.450587168506 761.948741347387 0 0 465.447546019558 791.395037001021 580.887145938493 793.720381981487 593.70983538943 0 595.994390380082 0 570.116883186156 569.946969744975 0 0 0 0 0 0 0 0
"138" 0 598.022757851409 761.113242225176 0 0 469.741286246338 798.300093921604 594.731490378729 798.503033119899 616.327140155864 0 636.59223848327 0 578.695486860454 585.304902372496 0 0 0 0 0 0 0 0
"139" 0 593.164316753133 751.956339415711 0 0 470.315610305561 796.499458443984 603.519756898576 796.499458443984 642.004619122982 0 674.1249273623 0 583.524367242366 596.24939787423 0 0 0 0 0 0 0 0
"140" 0 588.027665300581 741.395324596091 0 0 473.52964775091 795.862237548709 618.352926859566 795.862237548709 669.864933397752 0 695.176907381028 0 590.381583059498 611.96732127062 0 0 0 0 0 0 0 0
"141" 0 585.064400346295 730.455010349168 0 0 477.049928736398 792.666142159043 637.076803842713 792.666142159043 695.021945505321 0 706.649492635257 0 600.464139962001 629.274000652179 0 0 0 0 0 0 0 0
"142" 0 573.22038684825 710.671866721741 0 0 476.075341798094 783.44878940344 655.15121527575 783.44878940344 714.178143626474 0 706.292692154734 0 605.587859972618 644.221309007226 0 0 0 0 0 0 0 0
"143" 0 552.825745735295 687.081534146474 0 0 472.82534545815 774.311528072875 675.369821824184 774.311528072875 729.516649317859 0 695.396150120036 0 604.917300354546 661.236383254461 0 0 0 0 0 0 0 0
"144" 0 534.919502267151 661.935497748039 0 0 472.99189536397 762.087111229845 690.681703536956 762.087111229845 737.318631424503 0 670.647591969217 0 603.23970022526 676.277648309365 0 0 0 0 0 0 0 0
"145" 0 524.421487266401 631.709149873197 0 0 474.437083119 744.324047099512 699.033073809313 744.324047099512 737.903281562209 0 642.00922687524 0 594.023217698342 684.629018581721 0 0 0 0 0 0 0 0
"146" 0 521.274703900269 607.036802297416 0 0 480.808192628454 733.159942724733 708.727187372905 733.159942724733 732.42471006411 0 614.8455355149 0 587.649331059991 692.911283633025 0 0 0 0 0 0 0 0
"147" 0 519.431927545907 587.294913584436 0 0 487.979488519416 725.445086430365 716.088826096372 725.445086430365 725.445086430365 0 592.915697981967 0 579.688066817224 699.054336289086 0 0 0 0 0 0 0 0
"148" 0 511.747274088576 566.325228397781 0 0 488.136005673616 717.103472480837 714.812476600127 717.103472480837 717.103472480837 0 575.657963899595 0 564.034232517072 700.473576671761 0 0 0 0 0 0 0 0
"149" 0 510.245373849451 548.025504479316 0 0 486.836799832863 708.602703811015 708.196918562772 708.602703811015 708.602703811015 0 563.783379064949 0 547.788802885238 699.006413797579 0 0 0 0 0 0 0 0
"150" 0 512.528128525565 538.786559826101 0 0 491.539935468597 698.67973784316 698.67973784316 698.67973784316 698.67973784316 0 557.521735145716 0 541.073188752753 693.83451677791 0 0 0 0 0 0 0 0
"151" 0 514.962750809139 535.326332206289 0 0 491.452035004487 694.086432344243 694.086432344243 694.086432344243 694.086432344243 0 557.60372734086 0 539.591157551573 687.638205778245 0 0 0 0 0 0 0 0
"152" 0 514.415423681367 535.42818581622 0 0 489.803878082699 692.942265247739 692.942265247739 692.942265247739 692.249027057916 0 556.725729591521 0 542.51607752488 683.670972318365 0 0 0 0 0 0 0 0
"153" 0 507.91826336839 540.055217241382 0 0 484.981529261639 691.861693607345 691.861693607345 691.861693607345 687.615759787777 0 551.980200842709 0 549.703384908567 679.949173894352 0 0 0 0 0 0 0 0
"154" 0 502.019221281266 551.629905210786 0 0 479.686289240626 688.700233447186 686.540368607431 686.540368607431 679.228273721231 0 536.748810520456 0 558.034040589241 673.718329358766 0 0 0 0 0 0 0 0
"155" 0 515.284693888734 571.807169539714 0 0 479.833330249086 676.781536803857 672.710876131899 673.154924548474 665.699352810075 0 471.081408875493 0 570.824789308135 659.812143688717 0 0 0 0 0 0 0 0
"156" 0 524.923197445582 581.564031654478 0 0 480.311221096147 668.925876382865 662.968515351755 665.299264127482 654.721388265311 0 431.977332499071 0 582.172427085899 648.360631706842 0 0 0 0 0 0 0 0
"157" 0 536.16772693718 589.153735321798 0 0 480.863315205255 660.115724299362 652.715757981003 656.489112043979 642.138268507465 0 395.636994333492 0 588.412340996372 638.048690529434 0 0 0 0 0 0 0 0
"158" 0 538.469809027352 588.685973991269 0 0 482.864886726883 653.440428677273 646.862680838732 650.216773339155 635.158523257141 0 384.98975683264 0 589.704087963504 633.825287548448 0 0 0 0 0 0 0 0
"159" 0 541.445633450285 590.207873389992 0 0 483.897587463621 643.022521164899 636.444773326358 638.75168288156 620.887772833107 0 351.577262581352 0 592.493050114176 623.817458769777 0 0 0 0 0 0 0 0
"160" 0 541.897908691637 588.982665709648 0 0 486.012615089974 631.215006660589 624.637258822048 625.267229705568 605.640824386106 0 313.098257210431 0 592.735084308566 611.167444248811 0 0 0 0 0 0 0 0
"161" 0 542.926789690162 584.292402233593 0 0 488.954266381018 618.030600335011 611.45285249647 610.780729823154 591.924934499953 0 265.29106103394 0 589.723031474438 598.15639759153 0 0 0 0 0 0 0 0
"162" 0 541.446344194435 572.154500847038 0 0 490.148477039794 603.73018567177 598.832332708594 597.193430243399 578.446877146693 0 219.257439005338 0 584.060883012581 585.276822966577 0 0 0 0 0 0 0 0
"163" 0 536.135875382926 558.457897419838 0 0 491.348078945683 589.512964611735 586.158872111313 584.519969646118 564.015962194614 0 185.687098456326 0 578.679227154261 572.181495845476 0 0 0 0 0 0 0 0
"164" 0 524.613710235321 543.975741666033 0 0 490.437026330461 576.331941921357 573.372559124557 571.338946955739 549.947393521275 0 169.788936865279 0 568.300643359602 560.447993964698 0 0 0 0 0 0 0 0
"165" 0 511.734944638142 528.553199008968 0 0 489.731794031022 561.911211853266 560.628896042378 556.918216887649 538.302044896538 0 161.608255453666 0 555.635901076761 547.569228367518 0 0 0 0 0 0 0 0
"166" 0 499.479808651904 513.233801416898 0 0 487.794368338543 549.445438292667 549.445438292667 544.452443327049 529.190020379798 0 154.563503969895 0 544.452443327049 533.742433515629 0 0 0 0 0 0 0 0
"167" 0 492.29478060665 504.261170055277 0 0 486.399786110222 543.111700225962 543.111700225962 537.494580889643 522.914042879736 0 136.403234226548 0 537.494580889643 525.446283834361 0 0 0 0 0 0 0 0
"168" 0 489.70112023669 493.145150902097 0 0 486.756815539892 531.43362323415 531.43362323415 526.994584711204 515.570414163543 0 143.692113657852 0 526.994584711204 513.533490453052 0 0 0 0 0 0 0 0
"169" 0 488.942480116993 486.165233772513 0 0 485.673310710297 521.774517826186 521.774517826186 519.222035308882 509.211292097684 0 164.215734772752 0 518.046072049365 504.23043855983 0 0 0 0 0 0 0 0
"170" 0 487.567780122019 479.54466292202 0 0 481.738111632304 512.9205724969 514.630028063352 511.832945231037 502.591226581138 0 207.650269251836 0 509.184334102585 495.368195279104 0 0 0 0 0 0 0 0
"171" 0 487.656774527987 474.920297011846 0 0 478.803075221659 502.339970438289 506.899553508813 502.339970438289 496.400659130376 0 284.678426894659 0 499.985649435221 489.065863849871 0 0 0 0 0 0 0 0
"172" 0 485.115793154514 470.517460229755 0 0 475.690224356952 494.798758761648 501.034511030618 494.798758761648 491.135868091756 0 334.520211512523 0 492.44443775858 482.465484980273 0 0 0 0 0 0 0 0
"173" 0 482.702711220531 468.893465532047 0 0 473.277142422969 491.268354323687 496.741030367607 489.827719036738 487.47339803367 0 377.032926526425 0 487.47339803367 478.092836409539 0 0 0 0 0 0 0 0
"174" 0 478.834753400574 467.569284771976 0 0 471.087921462607 488.971981461024 492.792253772557 485.878942441688 483.52462143862 0 410.014400622067 0 483.52462143862 475.903615449177 0 0 0 0 0 0 0 0
"175" 0 478.586940882019 468.036020519674 0 0 469.871754951807 486.958848385986 491.25665473646 483.479179489233 480.830568360781 0 433.648497882449 0 480.830568360781 475.289410686698 0 0 0 0 0 0 0 0
"176" 0 474.470943440572 467.337365003497 0 0 468.047599101769 485.547170460998 488.049260794935 480.271785547707 477.623174419256 0 453.687667540322 0 477.623174419256 473.494813948044 0 0 0 0 0 0 0 0
"177" 0 472.197202673521 467.215858881223 0 0 466.278109547637 482.186147157221 484.599556768367 476.822081521139 475.349433652205 0 469.591461247186 0 475.349433652205 473.107051993425 0 0 0 0 0 0 0 0
"178" 0 470.642174885921 467.547892433212 0 0 464.603000481863 479.158471500686 479.86242554538 475.356813208234 473.794405864604 0 478.109711333422 0 473.794405864604 473.439085545415 0 0 0 0 0 0 0 0
"179" 0 468.738541715775 466.998917979976 0 0 462.880421229805 477.402645183356 476.218960032357 475.485524264318 472.038579547275 0 484.217567716999 0 472.038579547275 471.890772694458 0 0 0 0 0 0 0 0
"180" 0 467.796923744256 467.708185374926 0 0 462.710559937458 478.286581369817 475.570460026624 476.753787641933 472.922515733735 0 488.665624550961 0 472.922515733735 470.949154722939 0 0 0 0 0 0 0 0
"181" 0 469.220296214343 472.071165555631 0 0 465.270953432869 483.254110575669 479.163611294384 481.891627261994 478.486052232486 0 494.180203681392 0 478.486052232486 472.022279306506 0 0 0 0 0 0 0 0
"182" 0 469.357281093963 472.833227070409 0 0 465.407938312488 485.615383176585 480.925951031111 485.69353514986 480.925951031111 0 496.409808685947 0 480.925951031111 472.159264186126 0 0 0 0 0 0 0 0
"183" 0 472.49393093494 474.452219232363 0 0 465.348193614846 488.377368423675 483.665003611666 490.107924129337 483.665003611666 0 500.198785894202 0 483.665003611666 472.099519488484 0 0 0 0 0 0 0 0
"184" 0 476.29196287674 477.15286037567 0 0 465.355061111417 490.842485821694 486.3397893209 494.169233542056 486.3397893209 0 501.849074196333 0 486.3397893209 473.676914399224 0 0 0 0 0 0 0 0
"185" 0 479.718370033934 480.579267532864 0 0 468.594128520245 494.19006566974 489.766196478094 497.595640699249 489.766196478094 0 504.963690142166 0 489.766196478094 477.103321556418 0 0 0 0 0 0 0 0
"186" 0 484.318881700592 485.179779199522 0 0 475.471892490839 498.816926608996 494.366708144752 500.807345838237 494.366708144752 0 510.119348001712 0 494.366708144752 481.703833223076 0 0 0 0 0 0 0 0
"187" 0 487.328744889782 488.189642388713 0 0 480.235579421591 503.373757138058 497.245187464772 502.010680826333 497.245187464772 0 512.140972895333 0 497.245187464772 484.6347151789 0 0 0 0 0 0 0 0
"188" 0 492.553791889487 493.414689388417 0 0 484.856336442741 507.60016270923 500.847519657383 505.27138884903 500.847519657383 0 514.619801282608 0 500.847519657383 488.263448168183 0 0 0 0 0 0 0 0
"189" 0 497.863534819652 497.548771326658 0 0 489.823984538235 512.388037304224 504.773578418878 509.197447610524 503.464407801575 0 516.1609634021 0 504.773578418878 493.231096263677 0 0 0 0 0 0 0 0
"190" 0 502.341470491176 500.351498648818 0 0 495.953248858389 518.072862826066 508.886023275289 513.309892466936 505.925524009356 0 519.202627020192 0 508.886023275289 499.360360583831 0 0 0 0 0 0 0 0
"191" 0 508.36305410986 505.432527620021 0 0 503.230172067772 522.052920708246 514.175510577989 517.237370680396 509.644193709035 0 523.682687846785 0 514.175510577989 506.637283793214 0 0 0 0 0 0 0 0
"192" 0 514.530582607878 511.439105507342 0 0 509.236749955092 525.263973208168 519.061899476833 520.448423180318 514.530582607878 0 528.414361973866 0 519.061899476833 512.643861680534 0 0 0 0 0 0 0 0
"193" 0 519.688703299326 516.33245149311 0 0 515.726898120704 529.03557019613 524.22002016828 524.22002016828 519.688703299326 0 533.053432135171 0 524.22002016828 517.537207666303 0 0 0 0 0 0 0 0
"194" 0 524.368840668712 521.012588862497 0 0 522.059249400107 535.10371690591 528.900157537666 528.900157537666 524.368840668712 0 537.416704730632 0 528.900157537666 522.217345035689 0 0 0 0 0 0 0 0
"195" 0 527.121231569311 523.764979763096 0 0 526.593009080854 539.216441260647 533.275821582831 533.275821582831 527.121231569311 0 538.749580826387 0 531.652548438266 526.593009080854 0 0 0 0 0 0 0 0
"196" 0 531.471167439799 529.266460746276 0 0 533.772473939595 545.342661260168 541.001429697953 541.001429697953 532.622712552491 0 543.460984935328 0 537.779153911193 533.772473939595 0 0 0 0 0 0 0 0
"197" 0 535.814300103564 535.050394103467 0 0 540.968509346404 551.60121400502 549.298540520392 549.298540520392 538.406645909683 0 547.779478283905 0 544.661780034605 542.567206006235 0 0 0 0 0 0 0 0
"198" 0 542.508205947018 543.421110324007 0 0 548.057115840282 557.958761222013 556.517903570885 556.517903570885 546.935179577478 0 553.769385741114 0 551.881143085098 551.280017061447 0 0 0 0 0 0 0 0
"199" 0 551.00971312991 552.107055347411 0 0 555.065383952125 565.100698693159 565.232221707461 565.232221707461 557.300826362685 0 562.272950042778 0 560.595461221674 558.314633436219 0 0 0 0 0 0 0 0
"200" 0 558.911383119342 560.324203349166 0 0 561.711714350858 572.977545710521 573.161648393543 573.161648393543 566.801070651788 0 571.195826066502 0 568.524887907756 564.960963834953 0 0 0 0 0 0 0 0
"201" 0 569.383700271534 572.475128791079 0 0 573.678427831968 583.449862862713 583.633965545735 583.633965545735 577.27338780398 0 580.46331352434 0 578.997205059948 577.111889276866 0 0 0 0 0 0 0 0
"202" 0 582.304875591107 586.758469614824 0 0 586.678274471373 599.122323151795 596.555140865308 596.555140865308 590.194563123553 0 596.083129735967 0 591.918380379521 591.395230100611 0 0 0 0 0 0 0 0
"203" 0 586.771349924672 591.781643201353 0 0 591.691423664971 604.129467922502 602.802898358148 602.802898358148 595.647248398674 0 600.710375329696 0 597.586542811638 596.997998747864 0 0 0 0 0 0 0 0
"204" 0 599.13998884809 604.150282124771 0 0 602.322700181138 619.327271200715 615.055137691346 615.055137691346 609.725670019507 0 614.198395910493 0 611.664964432471 609.250238081062 0 0 0 0 0 0 0 0
"205" 0 613.915957708374 617.630762733277 0 0 615.892014269765 634.932352542137 627.921186729008 627.921186729008 625.093862080604 0 629.211254051102 0 626.329891442603 622.819552169689 0 0 0 0 0 0 0 0
"206" 0 632.367952334837 632.60508670121 0 0 634.795723305806 656.286992576456 644.907486330212 644.907486330212 644.907486330212 0 651.904280642929 0 644.907486330212 638.56917933565 0 0 0 0 0 0 0 0
"207" 0 640.987324378538 640.987324378538 0 0 643.211837321187 666.145607672352 652.745165243084 652.745165243084 652.745165243084 0 662.000030105197 0 652.745165243084 646.951417012979 0 0 0 0 0 0 0 0
"208" 0 650.48569519891 650.48569519891 0 0 652.710208141559 676.482102031404 663.013976950615 663.013976950615 663.013976950615 0 670.255661412511 0 663.013976950615 656.44978783335 0 0 0 0 0 0 0 0
"209" 0 654.315133860702 654.315133860702 0 0 656.776490752956 683.111053100126 669.642928019336 669.642928019336 669.642928019336 0 672.807934509684 0 669.642928019336 660.279226495143 0 0 0 0 0 0 0 0
"210" 0 654.885832700894 654.885832700894 0 0 658.483450938998 682.906929706931 674.217515851937 674.217515851937 674.217515851937 0 651.356234550954 0 674.217515851937 660.104413756029 0 0 0 0 0 0 0 0
"211" 0 657.544141811567 657.544141811567 0 0 661.052940169287 683.41858671771 677.408572587672 677.408572587672 677.408572587672 0 632.462363995036 0 677.408572587672 661.052940169287 0 0 0 0 0 0 0 0
"212" 0 660.099690192108 658.21457650757 0 0 659.95394505565 682.345270456393 679.281403753188 679.281403753188 679.163122110237 0 601.252004357228 0 679.281403753188 659.95394505565 0 0 0 0 0 0 0 0
"213" 0 674.611668642371 657.309815197469 0 0 659.316314246229 679.346623756108 679.525581324641 679.525581324641 677.519082275881 0 563.176383922125 0 679.525581324641 659.316314246229 0 0 0 0 0 0 0 0
"214" 0 694.526675409531 657.407973713101 0 0 660.545713769613 679.7440609721 681.257319712854 681.257319712854 678.119579656342 0 542.114242110133 0 681.257319712854 660.545713769613 0 0 0 0 0 0 0 0
"215" 0 728.714942435432 659.364493034755 0 0 664.177889699744 680.889944116735 685.65069871943 685.387850623983 680.574453958993 0 508.439323810364 0 685.387850623983 664.177889699744 0 0 0 0 0 0 0 0
"216" 0 764.301077258314 660.780576595893 0 0 667.244922802115 682.831279540281 689.295625746503 687.7501674497 681.285821243479 0 471.415837861966 0 687.7501674497 667.244922802115 0 0 0 0 0 0 0 0
"217" 0 806.473321566971 663.957815310147 0 0 670.606162216848 686.18370010051 692.832047007211 690.609728990789 683.961382084088 0 441.099076977704 0 690.609728990789 670.606162216848 0 0 0 0 0 0 0 0
"218" 0 848.349145216263 668.77181609792 0 0 675.42016300462 690.268480685495 696.837888672362 692.938118609492 686.289771702791 0 417.263827066978 0 692.938118609492 675.42016300462 0 0 0 0 0 0 0 0
"219" 0 880.754911010907 669.533182636345 0 0 677.012572906383 694.210270801136 698.339188724805 695.151616431347 686.472557134038 0 399.932392785872 0 693.951947404076 677.012572906383 0 0 0 0 0 0 0 0
"220" 0 913.381123324166 671.309581593453 0 0 679.857456187783 698.474903570884 701.667839611719 696.695979384912 688.105974936557 0 384.763284554784 0 696.653849530886 679.857456187783 0 0 0 0 0 0 0 0
"221" 0 944.234099584721 672.64060291382 0 0 682.455414416603 701.455696463006 703.938426705658 698.026809949397 688.27396010857 0 377.073827768611 0 698.088771611352 682.455414416603 0 0 0 0 0 0 0 0
"222" 0 961.970785708087 677.496318749461 0 0 686.252944703507 706.001853066184 707.648933159241 700.894551080745 691.872721092029 0 377.149459307992 0 700.629347046074 686.252944703507 0 0 0 0 0 0 0 0
"223" 0 967.329413478257 682.322087977287 0 0 690.220953390211 708.716056660739 710.783359744411 703.774608877551 694.110011690029 0 378.032547231441 0 702.008877102953 690.220953390211 0 0 0 0 0 0 0 0
"224" 0 952.689349664577 686.86102782787 0 0 692.365878553002 711.612864770816 713.730342960923 706.909052809987 697.314726333523 0 379.551967102277 0 702.819577058655 692.365878553002 0 0 0 0 0 0 0 0
"225" 0 927.729933590769 692.866396462221 0 0 693.694399614378 714.57256378889 713.250446111524 710.965398613314 701.828040012064 0 397.093133076056 0 702.65604316422 693.694399614378 0 0 0 0 0 0 0 0
"226" 0 894.06354473178 697.662173482647 0 0 697.662173482647 716.578892858249 715.60104301466 714.434293983171 700.503974596629 0 413.659674654044 0 700.503974596629 697.662173482647 0 0 0 0 0 0 0 0
"227" 716.196210509629 861.264610378915 0 718.76963472129 0 0 718.76963472129 0 718.381426812493 0 713.121353611386 0 718.381426812493 0 0 715.867811672344 716.15695563024 0 710.896882429132 704.461681003541 716.22970100403 716.196210509629 730.800395988207
"228" 719.628399775762 837.483422049402 0 720.991688241635 0 0 720.991688241635 0 722.331772626624 0 717.282974225847 0 722.331772626624 0 0 720.10730144437 720.10730144437 0 715.058503043593 703.399212463575 719.661890270163 719.887963634314 733.282013367103
"229" 721.579742786707 823.327062211087 0 721.938108341321 0 0 721.938108341321 0 726.50600681764 0 720.826108616766 0 726.50600681764 0 0 724.003476737605 724.003476737605 0 718.32357853673 703.193064722032 721.617419592908 721.871752127578 735.764724107474
"230" 722.390000426372 793.564613538854 0 722.44515336396 0 0 722.44515336396 0 728.750977815919 0 723.071079615045 0 728.750977815919 0 0 726.248447735884 726.248447735884 0 720.568549535009 701.731783989188 723.071079615045 724.546877941026 736.812855390535
"231" 722.755677694951 768.161721830664 0 724.558580694389 0 0 722.98825987943 0 729.294084331389 0 723.614186130515 0 729.294084331389 0 0 726.791554251354 726.791554251354 0 721.111656050479 705.93005536908 723.614186130515 726.307584398708 738.256559293929
"232" 724.153609636487 748.230734971067 0 728.967967388206 0 0 725.53362427254 0 730.129404232152 0 724.449506031277 0 730.129404232152 0 0 727.626874152117 727.626874152117 0 721.946975951242 0 724.449506031277 725.841494039536 740.074969484189
"233" 722.555636613692 735.729918277599 0 730.729356923661 0 0 727.295013807995 0 728.14676589613 0 722.555636613692 0 730.034043890293 0 0 725.644235816094 725.644235816094 0 718.461872146421 0 720.964402226456 722.563473547428 739.040285301006
"234" 721.104165761169 730.220994261251 0 729.130073569723 0 0 725.695730454057 0 724.899373151422 0 721.104165761169 0 726.786651145585 0 0 723.808452459893 723.808452459893 0 717.77814047837 0 718.869061169898 718.580926720425 737.354788641165
"235" 718.748810585671 726.011836791757 0 726.011836791757 0 0 722.577493676092 0 720.690215681928 0 718.748810585671 0 722.577493676092 0 0 720.690215681928 720.690215681928 0 716.513705994401 0 716.513705994401 714.69272460632 732.350444238303
"236" 709.853406838685 717.261257133151 0 717.261257133151 0 0 713.183290120098 0 711.739890675857 0 711.296012125934 0 713.826914017486 0 0 711.939636023322 711.939636023322 0 707.174423697492 0 707.618302247415 705.505311518463 724.374109298746
"237" 709.21889014378 718.659915180816 0 718.659915180816 0 0 712.152461331991 0 710.89576466571 0 710.474880892735 0 714.165868603836 0 0 712.488288164579 712.488288164579 0 706.81124673412 0 707.232130507095 705.353916525804 724.982450439123
"238" 709.442417446112 718.909764521876 0 718.909764521876 0.651470458517104 0 710.671636626688 0 711.119291968042 0 709.020378226159 0 712.737687975988 0 0 711.060107536732 711.060107536732 0 705.356744067544 0 707.455657809427 703.919783229219 723.548317142537
"239" 708.680167533922 717.760612179198 0 717.760612179198 0.732904265831742 0 710.06303911207 0 710.566651371093 0 708.205373411475 0 712.387346880033 0 0 710.500068885869 710.500068885869 0 704.083784983033 0 706.445062942652 701.072174850814 721.408663062483
"240" 708.415321490192 715.809397194227 0 715.809397194227 2.5834600936037 0 709.975846427806 0 712.189372271691 0 706.230613782884 0 710.412587251442 0 0 710.412876201605 710.412876201605 0 702.109025354442 0 706.180216898922 702.671351107791 719.457448077513
"241" 712.453317775264 716.657772819144 0 716.657772819144 11.1892812330808 0 709.499680364016 0 716.782344124657 0 708.41129183407 0 710.705987308464 0 0 713.148529820686 713.148529820686 0 705.880937792865 0 711.80944757123 708.389394862177 718.685238406795
"242" 715.240904805929 719.238026173878 0 719.238026173878 26.2505918347053 0 710.191716312941 0 719.569931155322 0 710.991545188804 0 713.286240663198 0 0 715.728783175419 715.728783175419 0 709.105061351632 0 715.240904805929 713.708057867322 717.57887826859
"243" 721.25197802336 726.327406500926 0 726.327406500926 49.076835391398 0 715.320170137362 0 726.19943670838 0 716.902856803699 0 719.525365917292 0 0 722.316843074117 722.316843074117 0 714.746875275503 0 721.25197802336 722.22525144218 724.643721919794
"244" 722.645267004552 724.829143785479 0 724.829143785479 64.4903792460289 0 714.557477590358 0 725.436744161376 0 716.140164256695 0 718.027103201845 0 0 720.81858035867 720.81858035867 0 716.140164256695 0 722.645267004552 724.422210382862 723.247455981671
"245" 725.22265956869 723.734190209961 0 723.734190209961 83.8457052834402 0 718.344072852822 0 728.014136725514 0 718.751403329033 0 718.785245950255 0 0 721.576723107079 721.576723107079 0 718.751403329033 0 725.22265956869 728.344075135706 723.801383392301
"246" 719.363477190694 718.031454208237 0 718.031454208237 124.527124287838 0 717.207189334493 0 721.806019702916 0 715.588911696016 0 715.588911696016 0 0 718.031454208237 718.031454208237 0 715.588911696016 0 719.363477190694 724.802008515656 721.478440081204
"247" 715.198358985442 713.688682643519 0 713.688682643519 155.927121598406 0 714.633142942279 0 715.753334553336 0 713.133707075625 0 713.133707075625 0 0 713.688682643519 713.688682643519 0 713.133707075625 0 715.198358985442 721.576756824663 718.90439368899
"248" 710.278404414298 710.071070738366 0 710.071070738366 185.27367426347 0 712.399315455675 0 710.278404414298 0 710.071070738366 0 710.071070738366 0 0 710.071070738366 710.071070738366 0 710.071070738366 0 710.278404414298 716.656802253519 716.670566202386
"249" 710.278404414298 710.071070738366 0 710.071070738366 185.27367426347 0 712.399315455675 0 710.278404414298 0 710.071070738366 0 710.071070738366 0 0 710.071070738366 710.071070738366 0 710.071070738366 0 710.278404414298 716.656802253519 716.670566202386
"250" 705.0393513367 705.0393513367 0 705.0393513367 212.29270094239 0 709.255813459817 0 705.0393513367 0 705.0393513367 0 705.0393513367 0 0 705.0393513367 705.0393513367 0 705.0393513367 0 705.0393513367 713.245398781741 713.527064206528
"251" 700.881766495776 700.881766495776 0 700.881766495776 236.815670329515 0 705.683250576075 0 700.881766495776 0 700.881766495776 0 700.881766495776 0 0 700.881766495776 700.881766495776 0 700.881766495776 0 700.881766495776 708.443382650616 708.332731593382
"252" 699.294379312908 699.294379312908 0 699.294379312908 264.255557276012 0 704.095863393207 0 699.294379312908 0 699.294379312908 0 699.294379312908 0 0 699.294379312908 699.294379312908 0 699.294379312908 0 699.294379312908 706.152784253194 705.982872374936
"253" 694.321382327423 694.321382327423 0 694.321382327423 305.506608061298 0 698.49811265221 0 694.321382327423 0 694.321382327423 0 694.321382327423 0 0 694.321382327423 694.321382327423 0 692.164905835034 0 694.321382327423 697.719801424357 700.519254939143
"254" 694.914477855125 694.914477855125 0 694.914477855125 325.240042273741 0 697.003584029234 0 694.914477855125 0 694.914477855125 0 694.914477855125 0 0 694.914477855125 694.914477855125 0 690.60144235422 0 694.914477855125 694.001098435758 701.045971818267
"255" 693.013554521162 695.034645351889 0 695.034645351889 346.510647071972 0 695.10235132885 0 695.034645351889 0 693.013554521162 0 693.013554521162 0 0 693.013554521162 693.013554521162 0 688.700519020258 0 693.013554521162 691.026041942642 699.144739117883
"256" 688.141627527231 691.679332952008 0 691.679332952008 380.126248415205 0 694.240319529681 0 694.240319529681 0 688.141627527231 0 688.141627527231 0 0 688.141627527231 688.141627527231 0 684.367721463939 0 688.141627527231 687.076334828254 695.216422267411
"257" 688.46867155642 691.717844886216 0 691.717844886216 403.076606387988 0 695.654907609181 0 695.654907609181 0 688.46867155642 0 688.46867155642 0 0 687.943395178378 687.943395178378 0 684.169489115087 0 688.46867155642 684.539973013231 695.25493420162
"258" 686.664377535791 689.210231969966 0 691.09808795295 426.522916124482 0 696.38256161279 0 696.38256161279 0 686.664377535791 0 686.664377535791 0 0 685.435782262128 685.435782262128 0 681.661876198837 0 686.664377535791 683.172588082589 694.635177268353
"259" 687.510046514558 688.095319382103 0 691.030050415391 436.673604988383 0 697.40506918697 0 697.40506918697 0 687.510046514558 0 687.510046514558 0 0 684.740252975136 684.740252975136 0 681.385669807766 0 687.510046514558 684.406233667267 694.174129806861
"260" 687.268192416459 686.702625019124 0 689.637356052412 462.755315829941 0 697.163215088871 0 697.163215088871 0 687.268192416459 0 687.268192416459 0 0 683.347558612157 683.347558612157 0 679.992975444787 0 687.268192416459 684.164379569168 692.728835664368
"261" 686.052951983388 685.416688661387 0 688.718261073835 477.215440247846 0 697.184852489852 0 697.184852489852 0 686.052951983388 0 686.052951983388 0 0 681.642238953549 681.642238953549 0 679.755249821097 0 686.052951983388 684.448079461026 690.486850888173
"262" 683.588404117613 682.952140795611 0 686.25371320806 507.483097459365 0 694.720304624077 0 694.720304624077 0 683.588404117613 0 683.588404117613 0 0 679.177691087773 679.177691087773 0 679.177691087774 0 683.588404117613 683.870520727702 686.25371320806
"263" 685.323626355734 681.297263020094 0 686.220480969296 527.365621769152 0 694.687072385312 0 694.687072385312 0 685.323626355734 0 685.323626355734 0 0 680.912913325895 679.291267789142 0 679.291267789142 0 683.701980818981 683.984097429071 686.220480969296
"264" 687.036711461693 679.303384891129 0 686.223521582907 545.438247688179 0 693.542680547348 0 695.428659359781 0 687.036711461693 0 687.036711461693 0 0 682.625998431854 679.94672556107 0 679.94672556107 0 684.357438590909 685.378101561856 685.284230174362
"265" 686.360684220334 677.42076266351 0 685.488287886004 552.744199940346 0 691.393892724347 0 695.167510732474 0 686.360684220334 0 686.360684220334 0 0 681.949971190494 678.826547920723 0 678.826547920723 0 683.237260950563 686.619214761551 684.84509674345
"266" 685.885028350749 674.383345383801 0 683.863998263079 563.897174917522 0 687.500704270138 0 691.81341056514 0 685.885028350749 0 685.885028350749 0 0 682.24832234369 677.469608875462 0 677.469608875462 0 681.106314882521 685.419021177523 682.325683139775
"267" 684.594542429006 674.006387780979 0 683.114890659875 575.886919686032 0 686.751679227283 0 688.907248724008 0 684.594542429006 0 684.594542429006 0 0 683.114890659875 678.336177191646 0 677.634050312207 0 679.113702081339 683.426408376341 681.272038576814
"268" 686.054806831691 676.946303952795 0 686.054806831691 585.363732606579 0 689.962227252083 0 690.367513126693 0 686.054806831691 0 686.054806831691 0 0 686.054806831691 681.276093363462 0 678.417819993011 0 678.417819993011 682.730526288013 684.21195474863
"269" 688.810340838869 678.018296447623 0 688.810340838869 587.706022180571 0 692.717761259261 0 693.123047133871 0 688.810340838869 0 688.810340838869 0 0 687.09295929612 684.03162737064 0 679.388292396642 0 679.388292396642 683.700998691644 685.283947243458
"270" 684.999582652645 676.060847446261 0 684.999582652645 591.489810630231 0 688.907003073038 0 689.312288947647 0 684.999582652645 0 684.999582652645 0 0 681.12506431162 682.074178369277 0 677.430843395279 0 677.430843395279 681.743549690281 681.473189057234
"271" 682.844349668519 677.80267974956 0 682.844349668519 597.277393647503 0 686.751770088912 0 685.001651606455 0 682.844349668519 0 682.844349668519 0 0 678.969831327494 681.12766233833 0 676.349050091975 0 676.349050091975 678.50635202991 682.006304407355
"272" 682.288695708683 686.443959577838 0 682.288695708683 609.995020387758 0 688.353665823914 0 682.288695708683 0 682.288695708683 0 682.288695708683 0 0 678.414177367658 681.079608834478 0 676.300996588123 0 676.300996588123 674.380354310757 683.269799838367
"273" 680.453719081393 696.325060951721 0 680.453719081393 625.467451888294 0 686.992467757274 0 680.453719081393 0 680.453719081393 0 680.453719081393 0 0 676.579200740368 680.453719081393 0 675.675106835037 0 675.675106835037 671.597080040424 682.711841303541
"274" 677.229533962457 703.634482479215 0 677.229533962457 634.162504999835 0 683.090458057804 0 677.229533962457 0 677.229533962457 0 677.229533962457 0 0 673.355015621432 677.229533962457 0 673.153048595541 0 673.153048595541 666.91945256936 681.271505362105
"275" 667.447278552913 704.337234273312 0 670.039196623421 638.190567412992 0 673.636007037498 0 667.447278552913 0 667.447278552913 0 667.447278552913 0 0 664.057075004516 668.980595185696 0 665.766982036497 0 665.766982036497 661.172454486547 673.575921598113
"276" 660.507231453872 703.645999601292 0 666.342192250623 641.510787343218 0 669.939002664701 0 662.217603302645 0 660.507231453872 0 660.507231453872 0 0 658.61973675538 663.928620906728 0 660.38886384056 0 660.38886384056 657.682409110683 671.352016048621
"277" 659.697607451893 708.99905676323 0 666.366134076751 647.377275203643 0 670.476774549983 0 661.652318136204 0 659.697607451893 0 659.697607451893 0 0 659.697607451893 663.607766826585 0 659.562330179536 0 659.562330179536 656.469239059677 672.091646988749
"278" 658.645846858019 703.671171011081 0 666.367363660413 649.752112146443 0 669.96417407449 0 662.242774712434 0 658.645846858019 0 658.645846858019 0 0 658.645846858019 662.422352735466 0 658.527479244706 0 658.527479244706 656.176140939421 671.377187458411
"279" 656.308803478288 699.950711811896 0 664.059917845148 655.930144610534 0 669.277194913778 0 659.935328897169 0 656.308803478288 0 656.308803478288 0 0 656.308803478288 660.085309355735 0 656.308803478288 0 656.308803478288 653.957465173002 669.277194913778
"280" 653.954575967911 690.696555767635 0 661.705690334772 657.166545146224 0 665.242349876322 0 657.581101386793 0 653.954575967911 0 653.954575967911 0 0 653.954575967911 657.731081845358 0 653.954575967911 0 653.954575967911 653.283799655321 665.242349876322
"281" 651.405486868267 680.011800446822 0 659.156601235128 655.032012287149 0 662.278704536109 0 655.032012287149 0 651.405486868267 0 651.405486868267 0 0 651.405486868267 655.181992745714 0 651.405486868267 0 651.405486868267 652.622422008269 662.278704536109
"282" 650.092084560785 670.569577502844 0 657.843198927645 653.718609979666 0 659.670904038101 0 653.718609979666 0 650.092084560785 0 650.092084560785 0 0 650.092084560785 653.868590438232 0 650.092084560785 0 650.092084560785 653.195142778408 659.670904038101
"283" 655.15218891149 662.800037110146 0 661.048413250179 659.296789390212 0 663.1372190907 0 659.296789390212 0 655.15218891149 0 655.15218891149 0 0 653.907853343283 652.154415610754 0 655.15218891149 0 655.15218891149 657.715833762535 663.1372190907
"284" 659.519706636454 661.709596430865 0 662.378039376576 661.709596430865 0 664.466845217098 0 662.378039376576 0 659.519706636454 0 659.519706636454 0 0 656.117738775128 651.732670559769 0 659.519706636454 0 659.519706636454 661.067829898731 663.798402271386
"285" 658.421212904236 658.455038692198 0 661.279958130298 658.455038692198 0 663.36876397082 0 661.279958130298 0 658.421212904236 0 658.421212904236 0 0 654.148197675397 651.513758610035 0 658.421212904236 0 658.421212904236 661.719965316511 660.54384453272
"286" 660.346850602563 659.67868903112 0 664.719536718813 660.346850602563 0 664.956380668418 0 664.719536718813 0 659.67868903112 0 660.346850602563 0 0 655.40567380228 654.513529467515 0 660.346850602563 0 660.346850602563 664.719736173992 660.583694552167
"287" 662.814114157159 659.583256938286 0 667.18680027341 662.814114157159 0 671.085819063725 0 668.666905020276 0 661.063361685152 0 664.294218904025 0 0 655.716213297158 657.445968799698 0 664.294218904025 0 664.294218904025 667.186999728588 664.294218904025
"288" 664.274571502775 657.338656416403 0 668.647257619026 664.274571502775 0 680.362425883243 0 672.284416603819 0 660.975815401197 0 667.911730487568 0 0 655.628667013203 658.906426145314 0 667.911730487568 0 667.911730487568 668.647457074204 667.911730487568
"289" 660.796047585884 652.176526542916 0 665.168733702135 660.796047585884 0 684.430517610997 0 670.895594552654 0 657.903387393435 0 666.522908436403 0 0 652.150143096312 653.744296271826 0 666.522908436403 0 666.522908436403 665.168933157313 666.522908436403
"290" 654.023020907934 640.420555388714 0 655.603904516268 651.231218400017 0 686.481278859584 0 665.408489029865 0 650.25897993271 0 661.035802913614 0 0 643.795809448253 649.334804872953 0 661.035802913614 0 661.035802913614 658.395906479363 661.907183696388
"291" 652.231800771233 631.590608929023 0 648.829637557985 645.125394387445 0 690.146661279389 0 662.204345278675 0 646.919578405256 0 657.35800108217 0 0 637.927196003657 643.204003741355 0 660.38668380288 0 657.35800108217 655.462410422775 661.528784828846
"292" 644.914523386522 619.018661146324 0 640.836668414618 635.65040210501 0 686.59604633722 0 652.730591401576 0 639.602301020545 0 650.040723697459 0 0 629.323251088736 632.443582334045 0 655.091735283095 0 650.040723697459 647.469441279409 659.195405776526
"293" 633.916485341358 604.204980644735 0 629.669844930061 622.495062121909 0 677.5442247526 0 639.068065675094 0 628.155703543656 0 639.042685652294 0 0 616.599192464284 615.819927041061 0 645.43883844629 0 639.042685652294 635.39727007509 654.931533780761
"294" 618.931287274081 587.984080205828 0 616.808027492593 606.570839154597 0 662.365349392444 0 621.663737960916 0 613.314071476909 0 622.577382838152 0 0 602.831693556691 595.792864269 0 628.973535632148 0 621.029260705662 620.44591074295 643.212113569499
"295" 605.624707442551 576.031935792772 0 602.968752645637 592.731564307641 0 640.709925071586 0 605.667408876032 0 600.887512636558 0 607.24903639166 0 0 590.472778527823 581.285606783651 0 613.50990156269 0 604.897643997812 606.471348273028 627.883767123006
"296" 596.082291452572 567.090534858826 0 594.500469814813 582.986162523807 0 624.898012389972 0 594.035291020328 0 590.939000737451 0 595.616918535956 0 0 578.57065268427 573.42679675027 0 601.877783706986 0 593.265526142108 596.928932283049 617.325782426456
"297" 581.371942150862 557.600200810229 0 583.191533590094 571.067615730013 0 605.614215518329 0 582.357095427735 0 577.100032218515 0 579.620648079084 0 0 567.295556489951 564.073367753404 0 585.881513250115 0 577.269255685236 582.218582981339 603.15904468035
"298" 563.720913273104 545.846103165022 0 570.971530454414 556.690888534615 0 584.265512923214 0 568.419214453897 0 559.956882537999 0 562.815898702558 0 0 556.894482182486 555.550109197557 0 567.088383346391 0 561.504808502222 564.567554103581 587.461375614877
"299" 556.274681469192 537.316783098722 0 561.232197719979 549.244656730702 0 572.241540885305 0 558.984500293258 0 550.352935836362 0 553.211952000921 0 0 548.500548148985 550.430824832367 0 557.619822677552 0 554.058576698309 555.640537565936 576.241258146709
"300" 544.390448943901 528.164462447421 0 549.179228294115 537.359598127703 0 561.848177775102 0 552.533244802424 0 537.427296298593 0 541.327719475631 0 0 540.220742112608 545.256204411386 0 544.390448943901 0 542.174344173019 543.756305040646 562.336888217958
"301" 538.575728828581 517.79029267784 0 539.955304830012 530.326766114141 0 552.082794722542 0 547.657549587139 0 530.394464285031 0 535.51299936031 0 0 530.015650101581 544.018173223263 0 538.575728828581 0 537.907746190189 537.907746190189 547.487389983184
"302" 529.269332430279 504.975994207044 0 529.668362625561 519.270522709895 0 543.951586649386 0 538.883848204263 0 520.242809703546 0 526.071315339043 0 0 517.606802139964 535.143153278985 0 529.269332430279 0 528.500031230484 528.500031230484 536.498649702987
"303" 517.705262062296 494.257589182229 0 517.030159098424 504.677096602705 0 532.455796029327 0 527.31977783628 0 508.678739335563 0 514.50724497106 0 0 508.402441625556 521.421368013277 0 517.705262062296 0 513.940544886835 514.778245964776 525.205844876784
"304" 511.661477468467 487.976733811538 0 510.376763935521 490.302436719375 0 522.161671078895 0 516.957918378173 0 502.634954741734 0 508.463460377231 0 0 501.749046462653 511.941427034299 0 511.661477468467 0 504.462917280278 507.457342417937 516.461146789416
"305" 505.313674602818 482.136128303057 0 502.277941470394 451.183568818592 0 512.751898695115 0 507.641448277381 0 497.327454069596 0 503.155959705093 0 0 493.751716894454 502.802302375661 0 505.313674602818 0 496.90514806986 501.109539552288 506.112565109053
"306" 496.528906626412 477.871261099238 0 492.555273026721 389.209084421428 0 500.871515353717 0 500.845162657702 0 490.700400990916 0 496.528906626412 0 0 486.254508157572 492.098085194199 0 496.528906626412 0 486.91129321925 492.324771575883 494.367567800454
"307" 491.341662034916 472.278854423691 0 486.157784097039 322.390375656514 0 490.699418208437 0 491.341662034916 0 487.671284415064 0 491.341662034916 0 0 477.699964989963 484.752712587058 0 491.477006614551 0 481.724048627754 487.272871564021 484.466294563019
"308" 480.176327940713 467.313074695699 0 476.845353708383 248.32867891569 0 480.346486540612 0 480.176327940713 0 478.663087119138 0 480.176327940713 0 0 469.705734384391 473.587378492855 5.68773765638453 480.548661589364 0 470.558714533551 476.344526538834 478.156936971964
"309" 471.416107563302 462.524219258876 0 471.756336902043 178.322269734312 0 473.101735602977 0 471.416107563302 0 471.416107563302 0 471.416107563302 0 0 462.761144816273 465.596459315239 17.9496080746593 473.311709035126 0 461.933100429613 469.876875184392 473.101735602977
"310" 465.900322940853 457.245360193824 0 468.398597659 112.973124027928 0 468.398597659 0 465.900322940853 0 465.900322940853 0 465.900322940853 0 0 457.245360193824 462.238389590514 20.1415890556798 466.99194672231 0 458.608754092462 465.7148277693 468.398597659
"311" 462.115394475682 453.460431728653 0 465.924869992781 51.6798720248644 0 465.924869992781 0 462.115394475682 0 462.115394475682 0 462.115394475682 0 0 453.460431728653 459.730580078353 16.8678535103523 461.049881458862 0 456.100531841743 461.049881458862 465.924869992781
"312" 459.230090115079 451.108189463997 0 463.674163365449 15.8039468373125 0 464.274915886278 0 459.230090115079 0 459.230090115079 0 459.230090115079 0 0 451.20972510132 457.479873451021 18.1141543064901 457.022301178373 0 453.282917906022 457.022301178373 464.274915886278
"313" 458.221040354949 449.895287933364 0 464.415330269376 4.10263257017576 0 467.173137028133 0 458.221040354949 0 458.221040354949 0 458.221040354949 0 0 452.01853322898 458.221040354949 20.7499943066026 456.013251418242 0 453.076921281192 456.013251418242 467.173137028133
"314" 461.263629977117 453.208638909109 0 467.457919891544 17.5941734454838 0 470.215726650301 0 461.263629977117 0 461.263629977117 0 461.263629977117 0 0 457.218177089075 461.263629977117 26.481265841138 458.920496460776 0 453.996374069406 458.920496460776 470.215726650301
"315" 463.963612584835 455.908621516828 0 469.590821512689 59.9221139508097 0 472.348628271445 0 463.963612584835 0 463.963612584835 0 463.963612584835 0 0 462.076453003904 463.963612584835 35.1059751742568 463.372505400148 0 456.696356677124 461.383489999478 472.348628271445
"316" 465.164877608356 456.839661604033 0 468.634123786715 113.805964893351 0 471.391930545471 0 465.164877608356 0 465.164877608356 0 465.164877608356 0 0 465.164877608356 465.164877608356 41.6277342501439 465.004839163179 0 458.532316626968 461.061487199826 471.391930545471
"317" 464.867626141208 456.001011097317 0 466.178826940161 173.342940525781 0 469.071983458809 0 464.867626141208 0 464.867626141208 0 464.867626141208 0 0 464.867626141208 464.867626141208 50.9146364145356 467.668702184675 0 459.039042850187 461.568213423045 468.936633698917
"318" 461.27978628513 452.41317124124 0 461.27978628513 234.249467149755 0 466.600407481057 0 461.27978628513 0 461.27978628513 0 461.27978628513 0 0 461.27978628513 461.27978628513 61.3517346253659 466.71165077122 0 457.608339792385 460.137510365244 464.308251126371
"319" 457.407094364288 448.642014957721 0 457.407094364288 295.800626072367 0 464.519679794207 0 457.407094364288 0 457.407094364288 0 457.407094364288 0 0 457.407094364288 457.407094364288 68.7302760990713 464.547708348261 0 454.87792379143 457.407094364288 461.990788212896
"320" 455.165360142631 448.421990394356 0 455.165360142631 356.031195487049 0 462.039844005089 0 455.165360142631 0 455.165360142631 0 455.165360142631 0 0 455.165360142631 455.165360142631 77.4173594660911 462.305974126604 0 453.042223308676 455.165360142631 457.761070473175
"321" 451.279611707259 446.422534843334 0 451.279611707259 402.627918262396 0 460.310407048792 0 451.279611707259 0 451.279611707259 0 451.279611707259 0 0 451.279611707259 452.793257804335 85.6932427894454 459.933871788308 0 449.427720672289 449.427720672289 453.875322037804
"322" 449.29150472666 446.592721169846 0 449.29150472666 424.118880526094 0 458.990870989656 0 449.29150472666 0 449.29150472666 0 449.29150472666 0 0 449.29150472666 452.963196203142 98.0988039142265 458.114794786445 0 445.281568312285 445.281568312285 451.887215057205
"323" 448.046756514092 447.505357474524 0 448.046756514092 432.509986537002 0 457.847685631591 0 448.046756514092 0 448.046756514092 0 448.046756514092 0 0 448.046756514092 455.019240761958 101.80463922924 468.897529647929 0 441.912463726338 441.912463726338 450.642466844636
"324" 447.907880510192 447.907880510192 0 447.907880510192 435.60258605052 0 457.5734598678 0 447.907880510192 0 447.907880510192 0 447.907880510192 0 0 447.907880510192 458.111221976931 104.258793841396 488.118010994476 0 441.705925791153 441.705925791153 450.503590840737
"325" 446.63100606046 446.63100606046 0 446.63100606046 435.670543948131 0 455.349905474522 0 446.63100606046 0 446.63100606046 0 446.63100606046 0 0 446.63100606046 460.066689060261 110.296908714199 496.291833775281 0 440.429051341421 440.429051341421 448.956058308521
"326" 445.394836601901 445.36100434159 0 445.394836601901 435.812511701712 0 453.776329075004 0 445.394836601901 0 445.394836601901 0 445.394836601901 0 0 445.394836601901 459.769364825318 122.146162349939 506.656122932488 0 439.159049622551 440.097894846167 446.502752545382
"327" 441.649923068893 439.72965353009 0 441.649923068893 435.634990357854 0 450.066575029968 0 441.649923068893 0 441.649923068893 0 441.649923068893 0 0 441.649923068893 458.917552409998 135.849854586757 519.319994028696 0 433.52769881105 436.623680832943 444.745905090786
"328" 437.824708036494 433.747053980444 0 437.824708036494 434.66794505066 0 443.678952609367 0 437.824708036494 0 437.824708036494 0 437.824708036494 0 0 437.824708036494 457.555047057411 152.899630861683 535.585299711282 0 429.396990296374 433.905847668778 442.739661318027
"329" 431.90701427168 427.626343346177 0 433.522690191069 432.312399508228 0 439.046725291565 0 433.522690191069 0 433.522690191069 0 433.522690191069 0 0 431.90701427168 455.00305856953 0 565.645977986941 0 425.434325041514 429.943182413918 440.594697710529
"330" 428.238599644687 423.822558234298 0 432.011742666957 432.011742666957 0 437.975696852496 0 432.011742666957 0 432.011742666957 0 432.011742666957 0 0 428.238599644687 454.032455782694 0 589.0224850627 0 423.890266787899 428.399124160303 440.767420592195
"331" 426.543850060348 421.755739218275 0 431.289447279063 430.316993082618 0 437.253401464602 0 434.181441498057 0 431.289447279063 0 434.181441498057 0 0 426.543850060348 456.675079464861 0 0 0 422.263179134845 426.772036507249 441.592595795167
"332" 427.848249241937 418.812889436545 0 433.736034926884 429.53161040377 0 436.129422518252 0 436.628029145878 0 433.736034926884 0 436.628029145878 0 0 425.758467381499 460.271945027826 158.899567291035 0 0 423.567578316435 428.076435688839 444.039183442988
"333" 427.787660516879 414.81038594503 0 435.832500439754 427.381639730601 0 432.998439632071 0 438.927511528199 0 435.832500439754 0 438.927511528199 0 0 421.78980391949 468.357515987128 158.899567291035 0 0 423.540821851687 427.110834000475 445.19680373224
"334" 426.703328523019 412.854423180162 0 434.748168445893 424.139923219494 0 430.704504646509 0 437.843179534339 0 434.748168445893 0 437.843179534339 0 0 417.94740387613 478.9741546099 158.899567291035 924.578861109235 0 424.34292713632 425.755802486831 444.112719457351
"335" 429.285139235646 414.031273422027 0 438.819225519303 428.879448829845 0 435.960127317638 0 446.288897792547 0 439.487694056245 0 446.288897792547 0 0 416.966869600748 495.805954211125 158.899567291035 924.578861109235 0 433.397552161643 429.082122366194 444.207090373396
"336" 431.849717204167 416.798868260001 0 439.768127568435 429.828350878978 0 437.779847307526 0 449.588512221933 0 440.436596105377 0 449.588512221933 0 0 419.53144756927 519.262700501408 158.899567291035 930.102333724894 0 436.165146999616 431.849717204167 442.998938184601
"337" 433.203268105082 417.779800298452 0 441.995214472331 432.055437782874 0 439.761779391164 0 456.133508578315 0 442.663683009274 0 456.937825044955 0 0 420.884998470185 546.968101727935 158.899567291035 930.102333724894 0 440.549701006394 433.203268105082 440.511351576857
"338" 434.768586340407 414.599079276078 0 446.056548862691 438.975735853534 0 443.823113781524 0 461.135085503879 0 448.340817002397 0 464.096621335464 0 0 419.489427381074 575.066174811589 158.899567291035 930.102333724894 0 446.42945797161 434.768586340407 438.71077664646
"339" 437.459074727529 415.301313666428 0 450.972189595139 449.24697139431 0 450.523952783414 0 468.174350717986 0 453.222615113622 0 472.413445500689 0 0 417.839599596517 606.006791263498 0 930.102333724894 0 449.627585677057 436.418414124963 442.484228912676
"340" 448.239236968664 426.353724255651 0 460.398567859703 462.116515583554 0 460.771847184141 0 476.59444185174 0 461.845723116829 0 480.833536634444 0 0 423.6749527468 624.504123138451 0 930.102333724894 0 459.50301193961 444.137693896503 451.910607177241
"341" 459.965256344761 436.692249275557 0 472.1245872358 473.910217611173 0 469.663655527776 0 486.230759362112 0 471.482040627201 0 490.469854144815 0 0 428.463500341945 658.408901384994 0 935.625806340554 0 467.523406144906 452.19192942756 463.636626553338
"342" 468.266112480713 443.774631116324 0 483.996249986811 478.369495066471 0 477.786817495681 0 486.983844169553 0 475.467466967704 0 491.222938952256 0 0 429.250431657585 674.328854317711 0 935.625806340554 0 469.351117587684 458.944307813381 473.384420914823
"343" 475.473455196304 447.952827318438 0 494.87579825226 485.50914735718 0 487.084889034435 0 491.772784080008 0 482.607119258413 0 496.011878862711 0 0 425.001169961869 687.461755952945 0 0 0 476.321543816188 463.994018235852 481.133287029472
"344" 485.761003000956 453.924128881495 0 505.805532855615 498.292404055235 0 496.19485370094 0 500.238131325578 0 489.863663957202 0 503.672909641642 0 0 425.318630882698 743.717722256334 0 0 0 485.600882033851 471.581686824936 496.913692548555
"345" 496.110362702949 464.749185500273 0 513.895647859098 505.071025969284 0 504.589389148528 0 505.071025969284 0 495.128753704951 0 506.348584920402 0 0 428.227848068885 766.220995036947 0 1008.76479052826 0 491.635803005953 479.571788085118 509.081474825404
"346" 502.004404161178 472.648078363458 0 519.18919462283 511.202404339951 0 509.882912591285 0 511.202404339951 0 497.689296972845 0 511.202404339951 0 0 430.652262920213 803.726414312097 0 1008.76479052826 0 498.570623615036 487.318775244499 519.155570392784
"347" 498.284336295803 469.179958192851 0 522.008862020697 514.622309588357 0 511.931579121844 0 514.021672039686 0 494.849036221017 0 514.622309588357 0 0 426.504805771483 814.989994311305 0 1008.76479052826 0 499.392955755407 488.816809213664 522.990399844743
"348" 497.418371074704 467.74678996558 0 530.678420352864 521.404909564391 0 518.680335181096 0 518.646722320882 0 496.072772865644 0 521.404909564391 0 0 422.296011440657 853.190147044169 0 1008.76479052826 0 505.024738839606 490.438090750244 525.449764625045
"349" 498.571982182821 467.817088303957 0 535.453940225848 528.718756542022 0 525.73200616542 0 524.445880066946 0 498.977925222798 0 528.718756542022 0 0 419.395923943463 856.954346727332 0 1008.76479052826 0 509.241493603981 488.756888983067 530.470517151441
"350" 510.176553535148 468.717536257207 0 545.542700010891 539.18174639959 0 538.383283057851 0 534.976521500439 0 506.616461785543 0 542.344457574033 0 0 427.988118906372 857.051765901981 0 1008.76479052826 0 519.535451644136 498.747517270755 539.580125849907
"351" 520.0678795429 468.443258533369 0 555.725999476362 543.774632072856 0 552.981466428094 0 541.725306229957 0 516.736059458075 0 551.384413457452 0 0 428.150532578065 866.202175177593 0 1008.76479052826 0 527.801345919853 506.621108088627 542.490601069107
"352" 528.787151788233 468.4668650899 0 568.703303708359 554.018791894787 0 566.255240761519 0 554.466123952341 0 527.892746874019 0 565.470887471943 0 0 437.842779371763 875.086214292295 0 0 0 538.958033335797 519.654648860532 550.237419117995
"353" 543.449780184382 470.18895869486 0 585.014533905074 564.103502983361 0 585.493278740825 0 566.809311274643 0 541.548788484349 0 578.448478230686 0 0 449.547889428401 877.411355727174 0 0 0 551.133326176834 533.708001257756 558.934694108934
"354" 557.253957577079 474.715786248425 0 593.023472451324 572.315473940428 0 602.679583453441 0 577.507996114959 0 553.864201381932 0 589.891306406626 0 0 463.269620190654 901.606856139763 0 0 0 560.6908821608 546.15844471952 568.415046575825
"355" 566.334148840875 478.103730132397 0 594.623764640211 577.892426351175 0 612.029416897982 0 585.276335660517 0 563.451954245323 0 595.502096257346 0 0 478.882932559828 916.074709895241 0 0 0 567.486511889694 556.423173070679 577.874859796289
"356" 573.02376864966 481.084449784687 0 592.089712662839 579.563964027927 0 611.535055797949 0 586.981324163308 0 568.524799251819 0 595.692395528571 0 0 496.114913834842 916.912061622699 0 0 0 571.247754488969 566.954373459439 582.610490286531
"357" 573.833148960439 488.216417013148 0 591.918595037034 582.758512304336 0 611.26326029628 0 588.932324817804 0 573.367904777062 0 594.548336584548 0 0 508.322409732719 928.252624429942 0 0 0 573.604664599008 572.67738643883 588.60490905764
"358" 572.101339653271 496.764206052814 0 586.22162236758 580.798431332388 0 602.674846539617 0 582.659950807028 0 569.25142982254 0 585.984791419872 0 0 524.606766694325 917.610937986332 0 0 0 569.319099522427 577.684282367837 588.361092824592
"359" 561.772891405806 499.773835266747 0 572.652176714756 569.387113695209 0 588.50451034126 0 568.751975269397 0 556.485566404463 0 570.731159590133 0 0 527.877056282265 907.79145146342 0 0 0 556.55323610435 567.525505856154 578.032644577126
"360" 543.733040481466 497.424839348978 0 552.895310429256 554.37564176901 0 566.125443185139 0 551.48202710947 0 539.452302265943 0 552.826807993765 0 0 531.716148986115 900.859915358559 0 0 0 539.452302265943 551.439700070081 559.552940603522
"361" 526.856811193346 491.694762458689 0 537.239008233279 536.222490453043 0 544.413398139128 0 531.442799458925 0 523.18503035939 0 531.442799458925 0 0 536.660528771161 899.33104313156 0 0 0 523.18503035939 535.918278655058 538.642368662516
"362" 509.619012141219 484.261177676231 0 521.795772414317 516.996762530673 0 525.231125203153 0 512.183234096583 0 505.439669707669 0 512.183234096583 0 0 543.467070712373 873.97801864969 0 951.411000345702 0 505.439669707669 518.680479602931 515.677624351302
"363" 491.591957951836 474.530232200712 0 508.826170963305 499.51141838674 0 510.915712857977 0 496.449734661871 0 489.435563969262 0 496.449734661871 0 0 549.140563667971 869.86345197829 0 951.411000345702 0 489.435563969262 501.195135458998 497.385948659862
"364" 472.140597958481 458.580283505175 0 490.898173952877 477.471070630061 0 490.898173952877 0 477.742997848907 0 468.571112258573 0 477.742997848907 0 0 545.542308250392 863.091046295131 0 911.085827584917 0 468.232647176577 478.850161355459 477.402248489898
"365" 457.448737491156 443.074701935966 0 475.368836846222 461.569521683703 0 476.916899724985 0 464.370054724826 0 454.825957294789 0 464.370054724826 0 0 430.911338695701 870.52640134379 0 908.540947695992 0 452.330355414517 458.770384780098 461.872911383243
"366" 450.147393817327 431.402545801939 0 464.294117502497 448.812419981024 0 467.997996971879 0 451.612953022146 0 444.295115826385 0 453.295335381101 0 0 424.89113758087 873.819134200185 0 908.540947695992 0 441.528980099446 445.844327644484 453.024452273793
"367" 441.827763414146 423.420708377288 0 453.749996381579 434.832957435591 0 459.612003866607 0 437.633490476714 0 434.494417177172 0 441.270882920429 0 0 424.89113758087 880.014670719738 0 905.520957761385 0 431.728281450234 434.225104642151 445.178763709341
"368" 433.789690031141 418.817699671498 0 445.101035823075 426.524039402283 0 451.233701390586 0 429.324572443406 0 426.456343794168 0 435.118771481915 0 0 417.619941500338 850.97245049746 0 905.520957761385 0 421.634898253367 424.130234732968 439.297496921131
"369" 427.192974760849 415.80274048806 0 436.438647990408 419.859628523876 0 442.571313557919 0 422.660161564999 0 419.859628523876 0 430.238875752655 0 0 417.619941500338 879.234149132304 0 872.329260254147 0 412.881541452115 415.444537273865 432.193264052797
"370" 420.634941560658 439.128229484966 0 425.364872097296 413.301595323685 0 431.497537664807 0 415.831522061112 0 413.301595323685 0 423.410236248768 0 0 411.249386551744 896.198003113842 2.08858258245548 870.060700276825 0 406.120569053629 408.717388075094 421.052001584449
"371" 412.346851396761 444.811784632343 0 414.546742488389 406.59581646103 0 420.510188471992 0 406.968028300733 0 406.426596877121 0 414.546742488389 0 0 404.537439302487 902.97746375852 5.15145705120647 858.438903068974 0 399.584035689061 402.180854710526 409.726213223816
"372" 399.149530440907 452.061885513487 0 404.481228835517 396.902514647861 0 406.771604572916 0 396.902514647861 0 394.608287696511 0 404.481228835517 0 0 387.75232451517 0 11.5180129887167 835.957580532475 0 389.922863306728 392.350359031982 395.376820176821
"373" 383.662051737029 463.756780838191 0 394.787139235169 388.890807406467 0 392.798561547994 0 388.890807406467 0 384.473443621163 0 394.787139235169 0 0 368.979959190911 0 20.035936461992 835.957580532475 0 380.058553078045 380.362911969346 381.537961458394
"374" 375.06023850686 492.551093361534 0 387.699790397183 383.758468653242 0 383.519239481922 0 383.758468653242 0 379.307259655497 0 387.699790397183 0 0 364.35312774708 451.799740876067 31.4840795701896 820.831728676203 0 374.892369112379 371.084456931691 370.609181008345
"375" 368.135725423151 569.058423619794 0 379.827835182279 378.043320033132 0 375.376626184535 0 378.043320033132 0 373.592111035388 0 379.827835182279 0 0 353.284946367025 451.799740876067 49.9459161019205 761.448779472408 0 371.232530306133 361.901888058534 359.371302321325
"376" 361.154683523975 569.058423619794 0 371.062278133957 371.062278133957 0 366.611069136212 0 371.062278133957 0 366.611069136212 0 371.062278133957 0 0 349.72461489743 398.934242558023 73.6499500649698 721.591703186127 0 366.408129937917 356.63760226167 352.22096704178
"377" 352.852623469076 0 0 362.760218079057 362.760218079057 0 358.309009081313 0 362.760218079057 0 358.309009081313 0 362.760218079057 0 0 339.670595602334 389.541228494458 105.170208752173 628.699766052169 0 358.309009081313 348.50465820535 346.075135968768
"378" 343.746503108838 0 0 355.032585586541 353.484878134911 0 350.750596172705 0 353.484878134911 0 349.202888721075 0 353.484878134911 0 0 332.450621861545 375.64543522673 146.59335174557 547.181345615807 0 349.202888721075 339.398537845113 338.855162227978
"379" 336.297901324173 0 0 347.446542274412 343.741945686595 0 345.289560228017 0 343.978780572137 0 341.5849636402 0 343.978780572137 0 0 329.317781239749 369.956336622331 186.663350151853 464.392499869564 0 341.821798525742 332.18677094599 336.322711687984
