"2016-06-17" "2016-06-24" "2016-07-12" "2016-08-29" "2017-06-04" "2017-06-13" "2017-07-06" "2017-09-08" "2017-09-15"
"1" 0 0 348.582283872026 371.735399876483 0 334.832833839727 314.521947000004 355.521834091486 350.974856714979
"2" 0 0 340.016733749414 364.544803751596 0 327.47456467844 311.599475752992 348.571162524291 343.397318371664
"3" 0 0 330.328629534898 354.59628909212 0 319.876821975753 304.171633930323 339.959982518136 336.48266650345
"4" 0 0 310.959263316306 330.534944542174 0 301.370938937285 296.622214755249 319.805358071215 320.496932206712
"5" 271.06750446295 0 294.395297691549 311.782037754164 0 285.120791151921 289.859756751366 303.869608744432 307.460163667403
"6" 260.7717399308 0 288.121108792563 303.024028846233 0 279.767592542794 282.49151440426 296.241946837892 302.333783013959
"7" 253.628212448151 0 271.190837505132 282.604578131439 0 264.898526608901 262.355596833503 276.863292870273 286.399248936604
"8" 247.904394447761 0 265.41113792534 276.364039596501 243.633250366887 257.871884469813 255.692230376615 272.116143941218 280.185471136425
"9" 243.532859042451 0 254.024307091375 260.956824399827 243.293907258643 246.215100904594 242.933583207728 260.999870783345 272.483327707146
"10" 240.694463066833 217.374067979629 240.694463066833 247.14364007518 242.938243022082 232.094521299086 228.266083986076 248.872157748608 260.57695885287
"11" 239.423686239636 217.374067979629 239.423686239636 246.38983496105 242.938243022082 229.907500025216 226.62598232835 247.871421538274 259.846616396622
"12" 235.457463955579 217.374067979629 235.457463955579 243.430857041445 243.020170435647 223.759642701388 224.319120387096 244.727245296515 255.429405475337
"13" 233.606424172261 217.374067979629 233.606424172261 242.780249386643 243.020170435647 220.737574574823 223.992319988407 245.866238913061 252.532777047776
"14" 232.898534076784 217.374067979629 232.898534076784 240.195144873164 243.020170435647 219.477306366831 224.984965306886 247.50063699455 251.485891691322
"15" 233.515862985756 217.374067979629 233.515862985756 239.7889902896 241.029750773516 220.095179574736 227.479907817271 248.964019896928 255.129993223214
"16" 235.753063993686 230.305654231439 235.753063993686 243.433041400278 244.562190176107 222.803538468024 230.917448118258 252.254891632503 259.763923008995
"17" 243.002600765157 253.204459801511 242.185160190322 250.859946781061 258.885963925531 228.528239860542 238.490596216033 259.416778507215 270.76364541965
"18" 258.267523526477 269.824420040232 252.027709214957 262.195650774709 258.885963925531 239.313110877502 250.209851852476 275.056537637851 281.688018879132
"19" 274.005286965424 284.984910596403 263.281202894561 274.237021078696 264.092634341927 253.053620512924 262.397568772061 292.347964326752 295.303948475209
"20" 296.604344070998 306.321676224129 284.680222323184 293.758027552691 264.092634341927 271.434855158333 280.218623249186 315.734122827736 300.016640550441
"21" 324.701035123557 329.62240287079 312.776913375742 320.654286476733 264.092634341927 295.864570564891 305.001622299783 344.117653682371 300.016640550441
"22" 337.704320609916 329.62240287079 324.076752898128 333.079465013545 264.092634341927 305.379650385746 315.190705954175 356.713043891893 306.774936686204
"23" 390.165559093718 329.62240287079 376.53799138193 387.453736132668 278.303165653709 357.735980032473 365.401813540925 410.856296446461 321.013650095521
"24" 453.557816554631 346.899435348299 439.560414511914 449.002472571235 299.522009546659 420.591519584036 427.424002912261 472.368854534976 340.928943897429
"25" 524.31170982974 444.593723311588 509.10450514623 517.610189819751 0 490.474048923086 496.699040001089 543.120592224097 412.242312611921
"26" 598.197768905875 547.776814287152 587.443349417325 594.54850191611 0 564.782939671036 572.889215638758 615.6118486481 420.329500355967
"27" 679.854087859529 602.104422292711 674.224548095942 680.42927016686 0 645.379985265648 657.671386133731 695.49255245895 0
"28" 723.781783069721 672.24965014527 760.938894403522 767.143616474439 0 733.042035370276 745.096447785245 777.789582164255 0
"29" 776.44990257315 785.311457165856 847.137794015653 854.513637798784 0 818.871870242289 829.521702172045 861.246098822344 0
"30" 819.837317940194 785.311457165856 914.814708746881 925.240619200854 0 877.794148987974 891.763948874653 925.973194789914 0
"31" 863.88638134991 785.311457165856 969.22449057501 984.659452594184 0 916.000123835261 938.937540463042 974.020555638868 0
"32" 905.941556881729 818.979795395491 1005.62497996394 1022.59716987373 0 933.759725686903 966.504818688059 998.039300623825 0
"33" 940.762292863492 0 1012.0272850194 1035.16680525606 0 932.5036467111 970.05104589053 1004.23922212718 0
"34" 0 0 995.671774719192 1027.36961427459 0 915.424187253606 955.230471649638 996.778972851177 0
"35" 0 0 961.072706657416 998.834181464934 0 876.003077286935 917.786529042281 973.466171791269 0
"36" 0 0 909.17253068747 952.695431370157 0 817.734644113221 863.336667256971 933.932092136542 0
"37" 0 0 843.594743987879 890.398003227717 0 752.198414757886 801.351421544777 877.539731454328 0
"38" 0 0 769.818965457966 818.65036983641 0 688.985642245377 735.50905402213 815.457289489702 0
"39" 0 0 698.726134565351 749.337251989759 0 633.385332484259 673.686776325115 761.772929831018 0
"40" 574.225558187186 0 646.698337993589 696.499685847518 0 591.968063404405 630.281928693065 716.440368126749 0
"41" 551.749869432451 0 600.215960424147 645.647429162382 0 551.830735723185 583.868801344804 668.068694772335 0
"42" 547.542064636721 0 563.068716165698 608.296985384291 0 522.210969888699 552.675971045332 628.278695610997 0
"43" 550.078895043264 0 538.776255438487 582.565003439361 0 511.665651849734 533.280539566158 599.189336549491 0
"44" 546.42893169369 0 521.266714961722 562.271278030665 0 503.176189867935 517.516358494761 578.859467818119 0
"45" 536.711453665697 0 505.526638235072 546.057018985071 0 493.008619249407 501.010766145269 564.117590720901 0
"46" 523.917910333595 0 486.46954581318 530.647774126215 0 477.131337090799 481.785385237177 543.819064944288 0
"47" 498.303782574841 0 458.838112955887 505.032982956551 0 447.490142019454 449.467448443865 514.048336453743 0
"48" 493.142049557695 0 429.077646625057 478.787370850085 0 416.687004064364 418.765210761208 482.613661070342 0
"49" 483.945168460182 0 388.794965173476 439.582800665214 0 377.942838546199 403.864765304728 440.895146038939 0
"50" 465.509114009504 0 340.072701713395 391.796255276075 0 325.459587732279 383.039442887055 393.117967463348 0
"51" 443.402459247541 0 287.316179392838 343.490927735331 0 270.759408609108 359.149537544133 344.17358606902 0
"52" 421.041657108446 0 232.591565920149 294.458414331527 0 215.631396996026 334.90635902626 291.591171240687 0
"53" 394.926663875909 0 186.233156081413 268.154231336021 0 188.849387492606 308.098613677891 241.94630917255 0
"54" 0 0 136.855791969937 239.796724124648 0 136.09047651117 277.562480978809 189.079645803141 0
"55" 0 0 96.0608687529324 213.121686542805 0 108.172830628939 0 146.470263750493 0
"56" 0 0 63.2772854767642 191.47727808124 0 78.9044729127551 0 106.546318650881 0
"57" 0 0 41.709637140832 140.992824287327 0 48.3261608683784 0 81.6294606373688 0
"58" 0 0 23.7479660343774 113.936750569214 0 23.2271498909307 0 56.4020572477463 0
"59" 0 0 15.7070404505648 49.2055870100065 0 0.47130797568599 0 37.9141132181744 0
"60" NA 0 6.56232890030184 32.8037246733377 0 0.47130797568599 0 18.0450990438437 0
"61" NA 0 6.49499918948955 24.6027935050033 0 0 0 16.0508246341056 0
"62" NA 0 5.49366334075636 19.6822348040026 0 NA 0 0.47121686999209 0
"63" NA 0 5.49366334075636 16.4018623366688 0 NA 0 0 0
"64" NA 0 NA 2.57235709678114 0 NA 0 0 0
"65" NA 0 NA 2.20487751152669 0 NA 0 0 0
"66" NA 0 NA NA 0 NA 0 0 0
"67" NA 0 NA NA 0 NA 0 0 0
"68" NA 0 NA NA 0 NA NA NA 0
"69" NA 0 NA NA 0 NA NA NA 0
"70" NA 0 NA NA 0 NA NA NA 0
"71" NA 0 NA NA 0 NA NA NA 0
"72" NA 0 NA NA 0 NA NA NA 0
"73" NA 0 NA NA 0 NA NA NA 0
"74" NA 0 NA NA 0 NA NA NA 0
"75" NA 0 NA NA 0 NA NA NA 0
"76" 0 0 NA NA 0 NA 0 NA 0
"77" 0 0 NA NA 0 NA 0 NA 0
"78" 0 0 NA NA 0 NA NA NA 0
"79" 0 0 NA NA 0 NA NA NA 0
"80" 0 0 NA NA 0 NA NA NA 0
"81" 0 0 NA NA 0 NA NA NA 0
"82" 0 0 NA NA 0 NA NA NA 0
"83" 0 0 NA NA 0 NA NA NA 0
"84" 0 0 NA NA 0 NA NA NA 0
"85" 0 0 NA NA 0 NA NA NA 0
"86" 0 0 NA NA 0 NA NA NA 0
"87" NA 0 NA NA 0 NA NA NA NA
"88" NA 0 NA NA 0 NA NA NA NA
"89" NA 0 NA NA 0 NA NA NA NA
"90" NA 0 NA NA 0 NA NA NA NA
"91" NA 0 NA NA 0 NA NA NA NA
"92" NA 0 NA NA 0 NA NA NA NA
"93" NA 0 NA NA 0 NA NA NA NA
"94" NA 0 NA NA 0 NA NA NA NA
"95" NA 0 NA NA 0 NA NA NA NA
"96" NA 0 NA NA 0 NA NA NA NA
"97" NA 0 NA NA 0 NA NA NA NA
"98" NA 0 NA NA 0 NA NA NA NA
"99" NA 0 NA NA 0 NA NA NA NA
"100" NA 0 NA NA 0 NA NA NA NA
"101" NA 0 NA NA 0 NA NA NA NA
"102" NA 0 NA NA 0 NA NA NA NA
"103" NA 0 NA NA 0 NA NA NA 0
"104" NA 0 NA NA 0 NA NA NA 0
"105" NA 0 NA NA 0 NA NA NA 0
"106" NA 0 NA NA 0 NA NA NA 0
"107" 0 0 NA NA 0 NA 0 NA 0
"108" 0 0 NA NA 0 NA 0 NA 0
"109" 0 0 NA NA 0 NA 0 NA 0
"110" 0 0 NA NA 0 NA 0 NA 0
"111" 0 0 NA NA 0 NA 0 NA 0
"112" 0 0 NA NA 0 NA 0 NA 0
"113" 0 0 NA NA 0 NA 0 NA 0
"114" 0 0 NA NA 0 NA 0 NA 0
"115" 0 0 NA NA 0 NA 0 NA 0
"116" 0 0 9.64686930299286 NA 0 NA 0 NA 0
"117" 0 0 25.6601947411212 0 0 1.87551027978079 0 NA 0
"118" 0 0 31.8862669799698 0 0 1.87551027978079 0 NA 0
"119" 0 0 46.323465596413 0 0 3.61706046253355 0 NA 0
"120" 0 0 70.6991104590005 0 0 13.3269307322698 0 1.47246732859952 0
"121" 0 0 82.4822955355006 0 0 36.0055577611024 0 10.6869744145259 0
"122" 0 0 110.219290918405 0 0 46.4542530190845 0 13.4968489847079 0
"123" 0 0 146.486957555733 0 0 71.7811806221241 0 25.8910564130393 0
"124" 0 0 153.3656934535 0 0 103.237176471269 0 46.6874933516317 0
"125" 0 0 201.086570802108 0 0 130.067261619365 0 61.4902989505816 0
"126" 0 0 251.919683854956 0 0 163.04837357181 0 84.2854574744153 0
"127" 0 0 272.242226309167 0 0 188.073918290062 0 106.087737688639 0
"128" 0 0 272.242226309167 0 0 202.065260852922 0 118.240911897253 0
"129" 0 0 307.515644313081 0 0 230.540187664091 0 135.801571055868 0
"130" 0 0 318.706423997163 0 0 246.200341112047 0 143.716358150944 0
"131" 286.328685475566 0 355.225955579343 0 0 265.280486024833 0 150.262964639604 0
"132" 286.328685475566 0 0 0 0 279.717626124002 0 148.692675953693 0
"133" 286.328685475566 0 0 0 0 294.900120350619 0 150.079634036919 0
"134" 293.801088324519 0 0 0 0 306.09912254935 0 151.509636783843 0
"135" 296.289938602148 0 0 0 0 315.920630647532 0 156.617962358719 0
"136" 296.289938602148 0 0 0 0 321.773836488309 0 160.993763170779 0
"137" 301.270565165439 0 0 0 0 323.11315691048 0 163.248959594452 0
"138" 301.270565165439 0 0 0 0 320.91270362412 0 165.893722269822 0
"139" 301.270565165439 0 0 0 0 318.848304082148 0 164.581615937657 0
"140" 301.267639157406 0 0 0 0 318.795678601931 0 165.299557890618 0
"141" 301.267639157406 0 0 0 0 321.481141493332 0 164.730265521519 0
"142" 289.332751091541 0 0 0 0 320.293985602273 0 163.197461228473 0
"143" 284.320820091225 0 0 0 0 320.617948565481 0 162.126250535206 0
"144" 277.680185122846 0 0 0 0 318.641447312968 0 164.729955021642 0
"145" 272.505130197984 0 0 0 0 314.862020905452 0 167.468257458324 0
"146" 269.839205344594 0 0 0 0 311.538370700107 0 171.70246715619 0
"147" 268.723711138261 0 0 0 0 309.706458857389 0 173.824535098099 0
"148" 266.647061967628 0 0 0 0 303.892373824937 0 177.910855572773 0
"149" 262.86611378031 0 0 0 0 303.470293998927 0 180.994721153833 0
"150" 261.607541113614 0 0 0 0 299.681423996878 0 186.379990588001 0
"151" 261.049266299119 0 0 0 0 309.81518975062 0 194.801269970996 0
"152" 262.066591518049 0 0 0 0 332.699052667587 0 217.96143539185 0
"153" 263.030286713721 0 0 0 0 337.571642822045 0 221.525667420515 0
"154" 262.972310017283 0 0 0 0 358.41403400055 0 249.257816335738 0
"155" 262.972310017283 0 0 0 0 379.00164697618 0 259.950373544325 0
"156" 271.757453090734 0 0 0 0 407.004442334876 0 278.38517786255 0
"157" 0 0 0 0 0 443.411079563022 0 316.990212672466 0
"158" 0 0 0 0 0 468.669737993922 0 344.125364659803 0
"159" 0 0 0 0 0 485.917882551595 0 368.63831569932 0
"160" 0 0 0 0 0 487.749912300915 0 368.377733081052 0
"161" 0 0 0 0 0 488.409708897905 0 368.432998064516 0
"162" 0 0 0 0 0 474.6405133435 0 371.704886184765 0
"163" 0 0 0 0 0 465.267392844818 0 370.711022918748 0
"164" 0 0 0 0 0 463.963764362376 0 366.146865531974 0
"165" 0 0 0 0 0 456.228919192909 0 362.697920687815 0
"166" 0 0 0 0 0 453.667168369456 0 361.868723344524 0
"167" 0 0 0 0 0 444.385425789846 0 371.822070627441 0
"168" 0 0 716.765704275093 630.626468119305 0 443.169269062268 0 386.464656356499 0
"169" 0 0 716.765704275093 630.626468119305 0 445.25675579132 0 403.374810559524 0
"170" 0 0 728.342315797524 642.55104782775 0 444.731473975923 0 424.040185138026 0
"171" 0 0 716.209519115831 658.307831342779 0 456.150566113879 0 458.256308574268 0
"172" 0 0 690.937058205319 648.557215055198 0 465.503753998651 552.688035036103 483.931741509043 0
"173" 0 0 669.949441280668 641.778165415179 0 464.436831560167 552.688035036103 498.22243555146 0
"174" 0 0 649.480261879222 630.495350807036 0 463.830336490335 552.688035036103 503.588232210945 0
"175" 0 0 615.78858967659 613.49929075909 0 458.044615953536 552.688035036103 501.189449664315 0
"176" 0 0 592.062385800988 594.395388273889 0 448.442112776951 492.972441715788 495.005541361463 0
"177" 0 0 540.446202540882 557.402900652709 0 436.401357868422 454.850175976931 487.353172613095 0
"178" 0 0 490.310357056845 512.396122832754 0 410.303977231224 454.850175976931 459.916015083865 0
"179" 0 0 457.072203411785 492.437983353375 0 389.463346991208 405.931246447345 438.737925056184 0
"180" 0 0 418.677785149724 455.716969336727 0 369.714197427921 405.931246447345 421.141540044225 0
"181" 0 0 393.150376835629 435.057693883438 0 358.271185805386 405.931246447345 401.207620914763 0
"182" 0 0 387.315170776663 427.217568285567 0 348.416382754549 405.931246447345 397.626541218885 0
"183" 0 0 401.536189131625 439.686942500437 0 341.664588206849 378.605644499216 393.326199431855 0
"184" 0 0 410.657347807894 449.809954019778 0 322.083561378386 0 385.930718199427 0
"185" 0 0 432.765296936796 477.493317367093 0 307.707077887706 0 380.50690134647 0
"186" 0 0 444.918811911807 483.41832722078 0 287.188336802836 0 376.106718996209 0
"187" 0 0 444.106128619047 482.874519530006 0 262.716028944315 0 366.696714652069 0
